&CONTROL
  calculation = 'bands'
  outdir = './out/'
  prefix = 'aiida'
  !etot_conv_thr =  3.00000e-06
  !forc_conv_thr =  1.00000e-05
  !tprnfor       = .TRUE.
  !tstress       = .TRUE.
    wf_collect = .true.
  pseudo_dir = './pseudo/'
  verbosity = 'high'
/
&SYSTEM
  degauss =   2.0000000000d-02
  ecutrho =   600
  ecutwfc =   60
  ibrav = 0
  nat = 3
  nbnd = 35
  nosym = .false.
  ntyp = 2
  occupations = 'smearing'
  smearing = 'cold'
  assume_isolated = '2D'
/
&ELECTRONS
  conv_thr =   6.0000000000d-10
  electron_maxstep = 80
  mixing_beta =   4.0000000000d-01
/
ATOMIC_SPECIES
C      12.0107 C.pbe-n-rrkjus_psl.1.0.0.UPF
Tc     98.0 Tc.pbe-spn-rrkjus_psl.0.3.0.UPF

ATOMIC_POSITIONS (crystal)
Tc               0.3333333141        0.6666666281        0.5604996225
Tc               0.3333333141        0.6666666281        0.4395003874
C                0.0000000000        0.0000000000        0.4999999821

K_POINTS automatic
17 17 1 0 0 0

CELL_PARAMETERS (angstrom)
   2.796948434   0.000000000   0.000000000
  -1.398474218   2.422228397   0.000000000
   0.000000000   0.000000000  21.940324783

K_POINTS crystal
 600
        0.0000000000    0.0000000000    0.0000000000    1.0
        0.0022831050    0.0000000000    0.0000000000    1.0
        0.0045662100    0.0000000000    0.0000000000    1.0
        0.0068493151    0.0000000000    0.0000000000    1.0
        0.0091324201    0.0000000000    0.0000000000    1.0
        0.0114155251    0.0000000000    0.0000000000    1.0
        0.0136986301    0.0000000000    0.0000000000    1.0
        0.0159817352    0.0000000000    0.0000000000    1.0
        0.0182648402    0.0000000000    0.0000000000    1.0
        0.0205479452    0.0000000000    0.0000000000    1.0
        0.0228310502    0.0000000000    0.0000000000    1.0
        0.0251141553    0.0000000000    0.0000000000    1.0
        0.0273972603    0.0000000000    0.0000000000    1.0
        0.0296803653    0.0000000000    0.0000000000    1.0
        0.0319634703    0.0000000000    0.0000000000    1.0
        0.0342465753    0.0000000000    0.0000000000    1.0
        0.0365296804    0.0000000000    0.0000000000    1.0
        0.0388127854    0.0000000000    0.0000000000    1.0
        0.0410958904    0.0000000000    0.0000000000    1.0
        0.0433789954    0.0000000000    0.0000000000    1.0
        0.0456621005    0.0000000000    0.0000000000    1.0
        0.0479452055    0.0000000000    0.0000000000    1.0
        0.0502283105    0.0000000000    0.0000000000    1.0
        0.0525114155    0.0000000000    0.0000000000    1.0
        0.0547945205    0.0000000000    0.0000000000    1.0
        0.0570776256    0.0000000000    0.0000000000    1.0
        0.0593607306    0.0000000000    0.0000000000    1.0
        0.0616438356    0.0000000000    0.0000000000    1.0
        0.0639269406    0.0000000000    0.0000000000    1.0
        0.0662100457    0.0000000000    0.0000000000    1.0
        0.0684931507    0.0000000000    0.0000000000    1.0
        0.0707762557    0.0000000000    0.0000000000    1.0
        0.0730593607    0.0000000000    0.0000000000    1.0
        0.0753424658    0.0000000000    0.0000000000    1.0
        0.0776255708    0.0000000000    0.0000000000    1.0
        0.0799086758    0.0000000000    0.0000000000    1.0
        0.0821917808    0.0000000000    0.0000000000    1.0
        0.0844748858    0.0000000000    0.0000000000    1.0
        0.0867579909    0.0000000000    0.0000000000    1.0
        0.0890410959    0.0000000000    0.0000000000    1.0
        0.0913242009    0.0000000000    0.0000000000    1.0
        0.0936073059    0.0000000000    0.0000000000    1.0
        0.0958904110    0.0000000000    0.0000000000    1.0
        0.0981735160    0.0000000000    0.0000000000    1.0
        0.1004566210    0.0000000000    0.0000000000    1.0
        0.1027397260    0.0000000000    0.0000000000    1.0
        0.1050228311    0.0000000000    0.0000000000    1.0
        0.1073059361    0.0000000000    0.0000000000    1.0
        0.1095890411    0.0000000000    0.0000000000    1.0
        0.1118721461    0.0000000000    0.0000000000    1.0
        0.1141552511    0.0000000000    0.0000000000    1.0
        0.1164383562    0.0000000000    0.0000000000    1.0
        0.1187214612    0.0000000000    0.0000000000    1.0
        0.1210045662    0.0000000000    0.0000000000    1.0
        0.1232876712    0.0000000000    0.0000000000    1.0
        0.1255707763    0.0000000000    0.0000000000    1.0
        0.1278538813    0.0000000000    0.0000000000    1.0
        0.1301369863    0.0000000000    0.0000000000    1.0
        0.1324200913    0.0000000000    0.0000000000    1.0
        0.1347031963    0.0000000000    0.0000000000    1.0
        0.1369863014    0.0000000000    0.0000000000    1.0
        0.1392694064    0.0000000000    0.0000000000    1.0
        0.1415525114    0.0000000000    0.0000000000    1.0
        0.1438356164    0.0000000000    0.0000000000    1.0
        0.1461187215    0.0000000000    0.0000000000    1.0
        0.1484018265    0.0000000000    0.0000000000    1.0
        0.1506849315    0.0000000000    0.0000000000    1.0
        0.1529680365    0.0000000000    0.0000000000    1.0
        0.1552511416    0.0000000000    0.0000000000    1.0
        0.1575342466    0.0000000000    0.0000000000    1.0
        0.1598173516    0.0000000000    0.0000000000    1.0
        0.1621004566    0.0000000000    0.0000000000    1.0
        0.1643835616    0.0000000000    0.0000000000    1.0
        0.1666666667    0.0000000000    0.0000000000    1.0
        0.1689497717    0.0000000000    0.0000000000    1.0
        0.1712328767    0.0000000000    0.0000000000    1.0
        0.1735159817    0.0000000000    0.0000000000    1.0
        0.1757990868    0.0000000000    0.0000000000    1.0
        0.1780821918    0.0000000000    0.0000000000    1.0
        0.1803652968    0.0000000000    0.0000000000    1.0
        0.1826484018    0.0000000000    0.0000000000    1.0
        0.1849315068    0.0000000000    0.0000000000    1.0
        0.1872146119    0.0000000000    0.0000000000    1.0
        0.1894977169    0.0000000000    0.0000000000    1.0
        0.1917808219    0.0000000000    0.0000000000    1.0
        0.1940639269    0.0000000000    0.0000000000    1.0
        0.1963470320    0.0000000000    0.0000000000    1.0
        0.1986301370    0.0000000000    0.0000000000    1.0
        0.2009132420    0.0000000000    0.0000000000    1.0
        0.2031963470    0.0000000000    0.0000000000    1.0
        0.2054794521    0.0000000000    0.0000000000    1.0
        0.2077625571    0.0000000000    0.0000000000    1.0
        0.2100456621    0.0000000000    0.0000000000    1.0
        0.2123287671    0.0000000000    0.0000000000    1.0
        0.2146118721    0.0000000000    0.0000000000    1.0
        0.2168949772    0.0000000000    0.0000000000    1.0
        0.2191780822    0.0000000000    0.0000000000    1.0
        0.2214611872    0.0000000000    0.0000000000    1.0
        0.2237442922    0.0000000000    0.0000000000    1.0
        0.2260273973    0.0000000000    0.0000000000    1.0
        0.2283105023    0.0000000000    0.0000000000    1.0
        0.2305936073    0.0000000000    0.0000000000    1.0
        0.2328767123    0.0000000000    0.0000000000    1.0
        0.2351598174    0.0000000000    0.0000000000    1.0
        0.2374429224    0.0000000000    0.0000000000    1.0
        0.2397260274    0.0000000000    0.0000000000    1.0
        0.2420091324    0.0000000000    0.0000000000    1.0
        0.2442922374    0.0000000000    0.0000000000    1.0
        0.2465753425    0.0000000000    0.0000000000    1.0
        0.2488584475    0.0000000000    0.0000000000    1.0
        0.2511415525    0.0000000000    0.0000000000    1.0
        0.2534246575    0.0000000000    0.0000000000    1.0
        0.2557077626    0.0000000000    0.0000000000    1.0
        0.2579908676    0.0000000000    0.0000000000    1.0
        0.2602739726    0.0000000000    0.0000000000    1.0
        0.2625570776    0.0000000000    0.0000000000    1.0
        0.2648401826    0.0000000000    0.0000000000    1.0
        0.2671232877    0.0000000000    0.0000000000    1.0
        0.2694063927    0.0000000000    0.0000000000    1.0
        0.2716894977    0.0000000000    0.0000000000    1.0
        0.2739726027    0.0000000000    0.0000000000    1.0
        0.2762557078    0.0000000000    0.0000000000    1.0
        0.2785388128    0.0000000000    0.0000000000    1.0
        0.2808219178    0.0000000000    0.0000000000    1.0
        0.2831050228    0.0000000000    0.0000000000    1.0
        0.2853881279    0.0000000000    0.0000000000    1.0
        0.2876712329    0.0000000000    0.0000000000    1.0
        0.2899543379    0.0000000000    0.0000000000    1.0
        0.2922374429    0.0000000000    0.0000000000    1.0
        0.2945205479    0.0000000000    0.0000000000    1.0
        0.2968036530    0.0000000000    0.0000000000    1.0
        0.2990867580    0.0000000000    0.0000000000    1.0
        0.3013698630    0.0000000000    0.0000000000    1.0
        0.3036529680    0.0000000000    0.0000000000    1.0
        0.3059360731    0.0000000000    0.0000000000    1.0
        0.3082191781    0.0000000000    0.0000000000    1.0
        0.3105022831    0.0000000000    0.0000000000    1.0
        0.3127853881    0.0000000000    0.0000000000    1.0
        0.3150684932    0.0000000000    0.0000000000    1.0
        0.3173515982    0.0000000000    0.0000000000    1.0
        0.3196347032    0.0000000000    0.0000000000    1.0
        0.3219178082    0.0000000000    0.0000000000    1.0
        0.3242009132    0.0000000000    0.0000000000    1.0
        0.3264840183    0.0000000000    0.0000000000    1.0
        0.3287671233    0.0000000000    0.0000000000    1.0
        0.3310502283    0.0000000000    0.0000000000    1.0
        0.3333333333    0.0000000000    0.0000000000    1.0
        0.3356164384    0.0000000000    0.0000000000    1.0
        0.3378995434    0.0000000000    0.0000000000    1.0
        0.3401826484    0.0000000000    0.0000000000    1.0
        0.3424657534    0.0000000000    0.0000000000    1.0
        0.3447488584    0.0000000000    0.0000000000    1.0
        0.3470319635    0.0000000000    0.0000000000    1.0
        0.3493150685    0.0000000000    0.0000000000    1.0
        0.3515981735    0.0000000000    0.0000000000    1.0
        0.3538812785    0.0000000000    0.0000000000    1.0
        0.3561643836    0.0000000000    0.0000000000    1.0
        0.3584474886    0.0000000000    0.0000000000    1.0
        0.3607305936    0.0000000000    0.0000000000    1.0
        0.3630136986    0.0000000000    0.0000000000    1.0
        0.3652968037    0.0000000000    0.0000000000    1.0
        0.3675799087    0.0000000000    0.0000000000    1.0
        0.3698630137    0.0000000000    0.0000000000    1.0
        0.3721461187    0.0000000000    0.0000000000    1.0
        0.3744292237    0.0000000000    0.0000000000    1.0
        0.3767123288    0.0000000000    0.0000000000    1.0
        0.3789954338    0.0000000000    0.0000000000    1.0
        0.3812785388    0.0000000000    0.0000000000    1.0
        0.3835616438    0.0000000000    0.0000000000    1.0
        0.3858447489    0.0000000000    0.0000000000    1.0
        0.3881278539    0.0000000000    0.0000000000    1.0
        0.3904109589    0.0000000000    0.0000000000    1.0
        0.3926940639    0.0000000000    0.0000000000    1.0
        0.3949771689    0.0000000000    0.0000000000    1.0
        0.3972602740    0.0000000000    0.0000000000    1.0
        0.3995433790    0.0000000000    0.0000000000    1.0
        0.4018264840    0.0000000000    0.0000000000    1.0
        0.4041095890    0.0000000000    0.0000000000    1.0
        0.4063926941    0.0000000000    0.0000000000    1.0
        0.4086757991    0.0000000000    0.0000000000    1.0
        0.4109589041    0.0000000000    0.0000000000    1.0
        0.4132420091    0.0000000000    0.0000000000    1.0
        0.4155251142    0.0000000000    0.0000000000    1.0
        0.4178082192    0.0000000000    0.0000000000    1.0
        0.4200913242    0.0000000000    0.0000000000    1.0
        0.4223744292    0.0000000000    0.0000000000    1.0
        0.4246575342    0.0000000000    0.0000000000    1.0
        0.4269406393    0.0000000000    0.0000000000    1.0
        0.4292237443    0.0000000000    0.0000000000    1.0
        0.4315068493    0.0000000000    0.0000000000    1.0
        0.4337899543    0.0000000000    0.0000000000    1.0
        0.4360730594    0.0000000000    0.0000000000    1.0
        0.4383561644    0.0000000000    0.0000000000    1.0
        0.4406392694    0.0000000000    0.0000000000    1.0
        0.4429223744    0.0000000000    0.0000000000    1.0
        0.4452054795    0.0000000000    0.0000000000    1.0
        0.4474885845    0.0000000000    0.0000000000    1.0
        0.4497716895    0.0000000000    0.0000000000    1.0
        0.4520547945    0.0000000000    0.0000000000    1.0
        0.4543378995    0.0000000000    0.0000000000    1.0
        0.4566210046    0.0000000000    0.0000000000    1.0
        0.4589041096    0.0000000000    0.0000000000    1.0
        0.4611872146    0.0000000000    0.0000000000    1.0
        0.4634703196    0.0000000000    0.0000000000    1.0
        0.4657534247    0.0000000000    0.0000000000    1.0
        0.4680365297    0.0000000000    0.0000000000    1.0
        0.4703196347    0.0000000000    0.0000000000    1.0
        0.4726027397    0.0000000000    0.0000000000    1.0
        0.4748858447    0.0000000000    0.0000000000    1.0
        0.4771689498    0.0000000000    0.0000000000    1.0
        0.4794520548    0.0000000000    0.0000000000    1.0
        0.4817351598    0.0000000000    0.0000000000    1.0
        0.4840182648    0.0000000000    0.0000000000    1.0
        0.4863013699    0.0000000000    0.0000000000    1.0
        0.4885844749    0.0000000000    0.0000000000    1.0
        0.4908675799    0.0000000000    0.0000000000    1.0
        0.4931506849    0.0000000000    0.0000000000    1.0
        0.4954337900    0.0000000000    0.0000000000    1.0
        0.4977168950    0.0000000000    0.0000000000    1.0
        0.5000000000    0.0000000000    0.0000000000    1.0
        0.4986876378    0.0026246457    0.0000000000    1.0
        0.4973752756    0.0052492913    0.0000000000    1.0
        0.4960629134    0.0078739370    0.0000000000    1.0
        0.4947505512    0.0104985827    0.0000000000    1.0
        0.4934381890    0.0131232283    0.0000000000    1.0
        0.4921258268    0.0157478740    0.0000000000    1.0
        0.4908134646    0.0183725197    0.0000000000    1.0
        0.4895011024    0.0209971654    0.0000000000    1.0
        0.4881887402    0.0236218110    0.0000000000    1.0
        0.4868763780    0.0262464567    0.0000000000    1.0
        0.4855640157    0.0288711024    0.0000000000    1.0
        0.4842516535    0.0314957480    0.0000000000    1.0
        0.4829392913    0.0341203937    0.0000000000    1.0
        0.4816269291    0.0367450394    0.0000000000    1.0
        0.4803145669    0.0393696850    0.0000000000    1.0
        0.4790022047    0.0419943307    0.0000000000    1.0
        0.4776898425    0.0446189764    0.0000000000    1.0
        0.4763774803    0.0472436220    0.0000000000    1.0
        0.4750651181    0.0498682677    0.0000000000    1.0
        0.4737527559    0.0524929134    0.0000000000    1.0
        0.4724403937    0.0551175591    0.0000000000    1.0
        0.4711280315    0.0577422047    0.0000000000    1.0
        0.4698156693    0.0603668504    0.0000000000    1.0
        0.4685033071    0.0629914961    0.0000000000    1.0
        0.4671909449    0.0656161417    0.0000000000    1.0
        0.4658785827    0.0682407874    0.0000000000    1.0
        0.4645662205    0.0708654331    0.0000000000    1.0
        0.4632538583    0.0734900787    0.0000000000    1.0
        0.4619414961    0.0761147244    0.0000000000    1.0
        0.4606291339    0.0787393701    0.0000000000    1.0
        0.4593167717    0.0813640157    0.0000000000    1.0
        0.4580044094    0.0839886614    0.0000000000    1.0
        0.4566920472    0.0866133071    0.0000000000    1.0
        0.4553796850    0.0892379528    0.0000000000    1.0
        0.4540673228    0.0918625984    0.0000000000    1.0
        0.4527549606    0.0944872441    0.0000000000    1.0
        0.4514425984    0.0971118898    0.0000000000    1.0
        0.4501302362    0.0997365354    0.0000000000    1.0
        0.4488178740    0.1023611811    0.0000000000    1.0
        0.4475055118    0.1049858268    0.0000000000    1.0
        0.4461931496    0.1076104724    0.0000000000    1.0
        0.4448807874    0.1102351181    0.0000000000    1.0
        0.4435684252    0.1128597638    0.0000000000    1.0
        0.4422560630    0.1154844094    0.0000000000    1.0
        0.4409437008    0.1181090551    0.0000000000    1.0
        0.4396313386    0.1207337008    0.0000000000    1.0
        0.4383189764    0.1233583465    0.0000000000    1.0
        0.4370066142    0.1259829921    0.0000000000    1.0
        0.4356942520    0.1286076378    0.0000000000    1.0
        0.4343818898    0.1312322835    0.0000000000    1.0
        0.4330695276    0.1338569291    0.0000000000    1.0
        0.4317571654    0.1364815748    0.0000000000    1.0
        0.4304448031    0.1391062205    0.0000000000    1.0
        0.4291324409    0.1417308661    0.0000000000    1.0
        0.4278200787    0.1443555118    0.0000000000    1.0
        0.4265077165    0.1469801575    0.0000000000    1.0
        0.4251953543    0.1496048031    0.0000000000    1.0
        0.4238829921    0.1522294488    0.0000000000    1.0
        0.4225706299    0.1548540945    0.0000000000    1.0
        0.4212582677    0.1574787402    0.0000000000    1.0
        0.4199459055    0.1601033858    0.0000000000    1.0
        0.4186335433    0.1627280315    0.0000000000    1.0
        0.4173211811    0.1653526772    0.0000000000    1.0
        0.4160088189    0.1679773228    0.0000000000    1.0
        0.4146964567    0.1706019685    0.0000000000    1.0
        0.4133840945    0.1732266142    0.0000000000    1.0
        0.4120717323    0.1758512598    0.0000000000    1.0
        0.4107593701    0.1784759055    0.0000000000    1.0
        0.4094470079    0.1811005512    0.0000000000    1.0
        0.4081346457    0.1837251969    0.0000000000    1.0
        0.4068222835    0.1863498425    0.0000000000    1.0
        0.4055099213    0.1889744882    0.0000000000    1.0
        0.4041975591    0.1915991339    0.0000000000    1.0
        0.4028851969    0.1942237795    0.0000000000    1.0
        0.4015728346    0.1968484252    0.0000000000    1.0
        0.4002604724    0.1994730709    0.0000000000    1.0
        0.3989481102    0.2020977165    0.0000000000    1.0
        0.3976357480    0.2047223622    0.0000000000    1.0
        0.3963233858    0.2073470079    0.0000000000    1.0
        0.3950110236    0.2099716535    0.0000000000    1.0
        0.3936986614    0.2125962992    0.0000000000    1.0
        0.3923862992    0.2152209449    0.0000000000    1.0
        0.3910739370    0.2178455906    0.0000000000    1.0
        0.3897615748    0.2204702362    0.0000000000    1.0
        0.3884492126    0.2230948819    0.0000000000    1.0
        0.3871368504    0.2257195276    0.0000000000    1.0
        0.3858244882    0.2283441732    0.0000000000    1.0
        0.3845121260    0.2309688189    0.0000000000    1.0
        0.3831997638    0.2335934646    0.0000000000    1.0
        0.3818874016    0.2362181102    0.0000000000    1.0
        0.3805750394    0.2388427559    0.0000000000    1.0
        0.3792626772    0.2414674016    0.0000000000    1.0
        0.3779503150    0.2440920472    0.0000000000    1.0
        0.3766379528    0.2467166929    0.0000000000    1.0
        0.3753255906    0.2493413386    0.0000000000    1.0
        0.3740132283    0.2519659843    0.0000000000    1.0
        0.3727008661    0.2545906299    0.0000000000    1.0
        0.3713885039    0.2572152756    0.0000000000    1.0
        0.3700761417    0.2598399213    0.0000000000    1.0
        0.3687637795    0.2624645669    0.0000000000    1.0
        0.3674514173    0.2650892126    0.0000000000    1.0
        0.3661390551    0.2677138583    0.0000000000    1.0
        0.3648266929    0.2703385039    0.0000000000    1.0
        0.3635143307    0.2729631496    0.0000000000    1.0
        0.3622019685    0.2755877953    0.0000000000    1.0
        0.3608896063    0.2782124409    0.0000000000    1.0
        0.3595772441    0.2808370866    0.0000000000    1.0
        0.3582648819    0.2834617323    0.0000000000    1.0
        0.3569525197    0.2860863780    0.0000000000    1.0
        0.3556401575    0.2887110236    0.0000000000    1.0
        0.3543277953    0.2913356693    0.0000000000    1.0
        0.3530154331    0.2939603150    0.0000000000    1.0
        0.3517030709    0.2965849606    0.0000000000    1.0
        0.3503907087    0.2992096063    0.0000000000    1.0
        0.3490783465    0.3018342520    0.0000000000    1.0
        0.3477659843    0.3044588976    0.0000000000    1.0
        0.3464536220    0.3070835433    0.0000000000    1.0
        0.3451412598    0.3097081890    0.0000000000    1.0
        0.3438288976    0.3123328346    0.0000000000    1.0
        0.3425165354    0.3149574803    0.0000000000    1.0
        0.3412041732    0.3175821260    0.0000000000    1.0
        0.3398918110    0.3202067717    0.0000000000    1.0
        0.3385794488    0.3228314173    0.0000000000    1.0
        0.3372670866    0.3254560630    0.0000000000    1.0
        0.3359547244    0.3280807087    0.0000000000    1.0
        0.3346423622    0.3307053543    0.0000000000    1.0
        0.3333300000    0.3333300000    0.0000000000    1.0
        0.3320124901    0.3320124901    0.0000000000    1.0
        0.3306949802    0.3306949802    0.0000000000    1.0
        0.3293774704    0.3293774704    0.0000000000    1.0
        0.3280599605    0.3280599605    0.0000000000    1.0
        0.3267424506    0.3267424506    0.0000000000    1.0
        0.3254249407    0.3254249407    0.0000000000    1.0
        0.3241074308    0.3241074308    0.0000000000    1.0
        0.3227899209    0.3227899209    0.0000000000    1.0
        0.3214724111    0.3214724111    0.0000000000    1.0
        0.3201549012    0.3201549012    0.0000000000    1.0
        0.3188373913    0.3188373913    0.0000000000    1.0
        0.3175198814    0.3175198814    0.0000000000    1.0
        0.3162023715    0.3162023715    0.0000000000    1.0
        0.3148848617    0.3148848617    0.0000000000    1.0
        0.3135673518    0.3135673518    0.0000000000    1.0
        0.3122498419    0.3122498419    0.0000000000    1.0
        0.3109323320    0.3109323320    0.0000000000    1.0
        0.3096148221    0.3096148221    0.0000000000    1.0
        0.3082973123    0.3082973123    0.0000000000    1.0
        0.3069798024    0.3069798024    0.0000000000    1.0
        0.3056622925    0.3056622925    0.0000000000    1.0
        0.3043447826    0.3043447826    0.0000000000    1.0
        0.3030272727    0.3030272727    0.0000000000    1.0
        0.3017097628    0.3017097628    0.0000000000    1.0
        0.3003922530    0.3003922530    0.0000000000    1.0
        0.2990747431    0.2990747431    0.0000000000    1.0
        0.2977572332    0.2977572332    0.0000000000    1.0
        0.2964397233    0.2964397233    0.0000000000    1.0
        0.2951222134    0.2951222134    0.0000000000    1.0
        0.2938047036    0.2938047036    0.0000000000    1.0
        0.2924871937    0.2924871937    0.0000000000    1.0
        0.2911696838    0.2911696838    0.0000000000    1.0
        0.2898521739    0.2898521739    0.0000000000    1.0
        0.2885346640    0.2885346640    0.0000000000    1.0
        0.2872171542    0.2872171542    0.0000000000    1.0
        0.2858996443    0.2858996443    0.0000000000    1.0
        0.2845821344    0.2845821344    0.0000000000    1.0
        0.2832646245    0.2832646245    0.0000000000    1.0
        0.2819471146    0.2819471146    0.0000000000    1.0
        0.2806296047    0.2806296047    0.0000000000    1.0
        0.2793120949    0.2793120949    0.0000000000    1.0
        0.2779945850    0.2779945850    0.0000000000    1.0
        0.2766770751    0.2766770751    0.0000000000    1.0
        0.2753595652    0.2753595652    0.0000000000    1.0
        0.2740420553    0.2740420553    0.0000000000    1.0
        0.2727245455    0.2727245455    0.0000000000    1.0
        0.2714070356    0.2714070356    0.0000000000    1.0
        0.2700895257    0.2700895257    0.0000000000    1.0
        0.2687720158    0.2687720158    0.0000000000    1.0
        0.2674545059    0.2674545059    0.0000000000    1.0
        0.2661369960    0.2661369960    0.0000000000    1.0
        0.2648194862    0.2648194862    0.0000000000    1.0
        0.2635019763    0.2635019763    0.0000000000    1.0
        0.2621844664    0.2621844664    0.0000000000    1.0
        0.2608669565    0.2608669565    0.0000000000    1.0
        0.2595494466    0.2595494466    0.0000000000    1.0
        0.2582319368    0.2582319368    0.0000000000    1.0
        0.2569144269    0.2569144269    0.0000000000    1.0
        0.2555969170    0.2555969170    0.0000000000    1.0
        0.2542794071    0.2542794071    0.0000000000    1.0
        0.2529618972    0.2529618972    0.0000000000    1.0
        0.2516443874    0.2516443874    0.0000000000    1.0
        0.2503268775    0.2503268775    0.0000000000    1.0
        0.2490093676    0.2490093676    0.0000000000    1.0
        0.2476918577    0.2476918577    0.0000000000    1.0
        0.2463743478    0.2463743478    0.0000000000    1.0
        0.2450568379    0.2450568379    0.0000000000    1.0
        0.2437393281    0.2437393281    0.0000000000    1.0
        0.2424218182    0.2424218182    0.0000000000    1.0
        0.2411043083    0.2411043083    0.0000000000    1.0
        0.2397867984    0.2397867984    0.0000000000    1.0
        0.2384692885    0.2384692885    0.0000000000    1.0
        0.2371517787    0.2371517787    0.0000000000    1.0
        0.2358342688    0.2358342688    0.0000000000    1.0
        0.2345167589    0.2345167589    0.0000000000    1.0
        0.2331992490    0.2331992490    0.0000000000    1.0
        0.2318817391    0.2318817391    0.0000000000    1.0
        0.2305642292    0.2305642292    0.0000000000    1.0
        0.2292467194    0.2292467194    0.0000000000    1.0
        0.2279292095    0.2279292095    0.0000000000    1.0
        0.2266116996    0.2266116996    0.0000000000    1.0
        0.2252941897    0.2252941897    0.0000000000    1.0
        0.2239766798    0.2239766798    0.0000000000    1.0
        0.2226591700    0.2226591700    0.0000000000    1.0
        0.2213416601    0.2213416601    0.0000000000    1.0
        0.2200241502    0.2200241502    0.0000000000    1.0
        0.2187066403    0.2187066403    0.0000000000    1.0
        0.2173891304    0.2173891304    0.0000000000    1.0
        0.2160716206    0.2160716206    0.0000000000    1.0
        0.2147541107    0.2147541107    0.0000000000    1.0
        0.2134366008    0.2134366008    0.0000000000    1.0
        0.2121190909    0.2121190909    0.0000000000    1.0
        0.2108015810    0.2108015810    0.0000000000    1.0
        0.2094840711    0.2094840711    0.0000000000    1.0
        0.2081665613    0.2081665613    0.0000000000    1.0
        0.2068490514    0.2068490514    0.0000000000    1.0
        0.2055315415    0.2055315415    0.0000000000    1.0
        0.2042140316    0.2042140316    0.0000000000    1.0
        0.2028965217    0.2028965217    0.0000000000    1.0
        0.2015790119    0.2015790119    0.0000000000    1.0
        0.2002615020    0.2002615020    0.0000000000    1.0
        0.1989439921    0.1989439921    0.0000000000    1.0
        0.1976264822    0.1976264822    0.0000000000    1.0
        0.1963089723    0.1963089723    0.0000000000    1.0
        0.1949914625    0.1949914625    0.0000000000    1.0
        0.1936739526    0.1936739526    0.0000000000    1.0
        0.1923564427    0.1923564427    0.0000000000    1.0
        0.1910389328    0.1910389328    0.0000000000    1.0
        0.1897214229    0.1897214229    0.0000000000    1.0
        0.1884039130    0.1884039130    0.0000000000    1.0
        0.1870864032    0.1870864032    0.0000000000    1.0
        0.1857688933    0.1857688933    0.0000000000    1.0
        0.1844513834    0.1844513834    0.0000000000    1.0
        0.1831338735    0.1831338735    0.0000000000    1.0
        0.1818163636    0.1818163636    0.0000000000    1.0
        0.1804988538    0.1804988538    0.0000000000    1.0
        0.1791813439    0.1791813439    0.0000000000    1.0
        0.1778638340    0.1778638340    0.0000000000    1.0
        0.1765463241    0.1765463241    0.0000000000    1.0
        0.1752288142    0.1752288142    0.0000000000    1.0
        0.1739113043    0.1739113043    0.0000000000    1.0
        0.1725937945    0.1725937945    0.0000000000    1.0
        0.1712762846    0.1712762846    0.0000000000    1.0
        0.1699587747    0.1699587747    0.0000000000    1.0
        0.1686412648    0.1686412648    0.0000000000    1.0
        0.1673237549    0.1673237549    0.0000000000    1.0
        0.1660062451    0.1660062451    0.0000000000    1.0
        0.1646887352    0.1646887352    0.0000000000    1.0
        0.1633712253    0.1633712253    0.0000000000    1.0
        0.1620537154    0.1620537154    0.0000000000    1.0
        0.1607362055    0.1607362055    0.0000000000    1.0
        0.1594186957    0.1594186957    0.0000000000    1.0
        0.1581011858    0.1581011858    0.0000000000    1.0
        0.1567836759    0.1567836759    0.0000000000    1.0
        0.1554661660    0.1554661660    0.0000000000    1.0
        0.1541486561    0.1541486561    0.0000000000    1.0
        0.1528311462    0.1528311462    0.0000000000    1.0
        0.1515136364    0.1515136364    0.0000000000    1.0
        0.1501961265    0.1501961265    0.0000000000    1.0
        0.1488786166    0.1488786166    0.0000000000    1.0
        0.1475611067    0.1475611067    0.0000000000    1.0
        0.1462435968    0.1462435968    0.0000000000    1.0
        0.1449260870    0.1449260870    0.0000000000    1.0
        0.1436085771    0.1436085771    0.0000000000    1.0
        0.1422910672    0.1422910672    0.0000000000    1.0
        0.1409735573    0.1409735573    0.0000000000    1.0
        0.1396560474    0.1396560474    0.0000000000    1.0
        0.1383385375    0.1383385375    0.0000000000    1.0
        0.1370210277    0.1370210277    0.0000000000    1.0
        0.1357035178    0.1357035178    0.0000000000    1.0
        0.1343860079    0.1343860079    0.0000000000    1.0
        0.1330684980    0.1330684980    0.0000000000    1.0
        0.1317509881    0.1317509881    0.0000000000    1.0
        0.1304334783    0.1304334783    0.0000000000    1.0
        0.1291159684    0.1291159684    0.0000000000    1.0
        0.1277984585    0.1277984585    0.0000000000    1.0
        0.1264809486    0.1264809486    0.0000000000    1.0
        0.1251634387    0.1251634387    0.0000000000    1.0
        0.1238459289    0.1238459289    0.0000000000    1.0
        0.1225284190    0.1225284190    0.0000000000    1.0
        0.1212109091    0.1212109091    0.0000000000    1.0
        0.1198933992    0.1198933992    0.0000000000    1.0
        0.1185758893    0.1185758893    0.0000000000    1.0
        0.1172583794    0.1172583794    0.0000000000    1.0
        0.1159408696    0.1159408696    0.0000000000    1.0
        0.1146233597    0.1146233597    0.0000000000    1.0
        0.1133058498    0.1133058498    0.0000000000    1.0
        0.1119883399    0.1119883399    0.0000000000    1.0
        0.1106708300    0.1106708300    0.0000000000    1.0
        0.1093533202    0.1093533202    0.0000000000    1.0
        0.1080358103    0.1080358103    0.0000000000    1.0
        0.1067183004    0.1067183004    0.0000000000    1.0
        0.1054007905    0.1054007905    0.0000000000    1.0
        0.1040832806    0.1040832806    0.0000000000    1.0
        0.1027657708    0.1027657708    0.0000000000    1.0
        0.1014482609    0.1014482609    0.0000000000    1.0
        0.1001307510    0.1001307510    0.0000000000    1.0
        0.0988132411    0.0988132411    0.0000000000    1.0
        0.0974957312    0.0974957312    0.0000000000    1.0
        0.0961782213    0.0961782213    0.0000000000    1.0
        0.0948607115    0.0948607115    0.0000000000    1.0
        0.0935432016    0.0935432016    0.0000000000    1.0
        0.0922256917    0.0922256917    0.0000000000    1.0
        0.0909081818    0.0909081818    0.0000000000    1.0
        0.0895906719    0.0895906719    0.0000000000    1.0
        0.0882731621    0.0882731621    0.0000000000    1.0
        0.0869556522    0.0869556522    0.0000000000    1.0
        0.0856381423    0.0856381423    0.0000000000    1.0
        0.0843206324    0.0843206324    0.0000000000    1.0
        0.0830031225    0.0830031225    0.0000000000    1.0
        0.0816856126    0.0816856126    0.0000000000    1.0
        0.0803681028    0.0803681028    0.0000000000    1.0
        0.0790505929    0.0790505929    0.0000000000    1.0
        0.0777330830    0.0777330830    0.0000000000    1.0
        0.0764155731    0.0764155731    0.0000000000    1.0
        0.0750980632    0.0750980632    0.0000000000    1.0
        0.0737805534    0.0737805534    0.0000000000    1.0
        0.0724630435    0.0724630435    0.0000000000    1.0
        0.0711455336    0.0711455336    0.0000000000    1.0
        0.0698280237    0.0698280237    0.0000000000    1.0
        0.0685105138    0.0685105138    0.0000000000    1.0
        0.0671930040    0.0671930040    0.0000000000    1.0
        0.0658754941    0.0658754941    0.0000000000    1.0
        0.0645579842    0.0645579842    0.0000000000    1.0
        0.0632404743    0.0632404743    0.0000000000    1.0
        0.0619229644    0.0619229644    0.0000000000    1.0
        0.0606054545    0.0606054545    0.0000000000    1.0
        0.0592879447    0.0592879447    0.0000000000    1.0
        0.0579704348    0.0579704348    0.0000000000    1.0
        0.0566529249    0.0566529249    0.0000000000    1.0
        0.0553354150    0.0553354150    0.0000000000    1.0
        0.0540179051    0.0540179051    0.0000000000    1.0
        0.0527003953    0.0527003953    0.0000000000    1.0
        0.0513828854    0.0513828854    0.0000000000    1.0
        0.0500653755    0.0500653755    0.0000000000    1.0
        0.0487478656    0.0487478656    0.0000000000    1.0
        0.0474303557    0.0474303557    0.0000000000    1.0
        0.0461128458    0.0461128458    0.0000000000    1.0
        0.0447953360    0.0447953360    0.0000000000    1.0
        0.0434778261    0.0434778261    0.0000000000    1.0
        0.0421603162    0.0421603162    0.0000000000    1.0
        0.0408428063    0.0408428063    0.0000000000    1.0
        0.0395252964    0.0395252964    0.0000000000    1.0
        0.0382077866    0.0382077866    0.0000000000    1.0
        0.0368902767    0.0368902767    0.0000000000    1.0
        0.0355727668    0.0355727668    0.0000000000    1.0
        0.0342552569    0.0342552569    0.0000000000    1.0
        0.0329377470    0.0329377470    0.0000000000    1.0
        0.0316202372    0.0316202372    0.0000000000    1.0
        0.0303027273    0.0303027273    0.0000000000    1.0
        0.0289852174    0.0289852174    0.0000000000    1.0
        0.0276677075    0.0276677075    0.0000000000    1.0
        0.0263501976    0.0263501976    0.0000000000    1.0
        0.0250326877    0.0250326877    0.0000000000    1.0
        0.0237151779    0.0237151779    0.0000000000    1.0
        0.0223976680    0.0223976680    0.0000000000    1.0
        0.0210801581    0.0210801581    0.0000000000    1.0
        0.0197626482    0.0197626482    0.0000000000    1.0
        0.0184451383    0.0184451383    0.0000000000    1.0
        0.0171276285    0.0171276285    0.0000000000    1.0
        0.0158101186    0.0158101186    0.0000000000    1.0
        0.0144926087    0.0144926087    0.0000000000    1.0
        0.0131750988    0.0131750988    0.0000000000    1.0
        0.0118575889    0.0118575889    0.0000000000    1.0
        0.0105400791    0.0105400791    0.0000000000    1.0
        0.0092225692    0.0092225692    0.0000000000    1.0
        0.0079050593    0.0079050593    0.0000000000    1.0
        0.0065875494    0.0065875494    0.0000000000    1.0
        0.0052700395    0.0052700395    0.0000000000    1.0
        0.0039525296    0.0039525296    0.0000000000    1.0
        0.0026350198    0.0026350198    0.0000000000    1.0
        0.0013175099    0.0013175099    0.0000000000    1.0
        0.0000000000    0.0000000000    0.0000000000    1.0
