&input
    asr = 'crystal'
    flfrc = 'Tc2C_k441.fc'
    flfrq = 'Tc2C.frq'
    la2F = .true.
    dos = .false.
    !q_in_band_form = .true.
    q_in_cryst_coord = .true.
/

        1000
        0.0000000000    0.0000000000    0.0000000000    1.0
        0.0013661202    0.0000000000    0.0000000000    1.0
        0.0027322404    0.0000000000    0.0000000000    1.0
        0.0040983607    0.0000000000    0.0000000000    1.0
        0.0054644809    0.0000000000    0.0000000000    1.0
        0.0068306011    0.0000000000    0.0000000000    1.0
        0.0081967213    0.0000000000    0.0000000000    1.0
        0.0095628415    0.0000000000    0.0000000000    1.0
        0.0109289617    0.0000000000    0.0000000000    1.0
        0.0122950820    0.0000000000    0.0000000000    1.0
        0.0136612022    0.0000000000    0.0000000000    1.0
        0.0150273224    0.0000000000    0.0000000000    1.0
        0.0163934426    0.0000000000    0.0000000000    1.0
        0.0177595628    0.0000000000    0.0000000000    1.0
        0.0191256831    0.0000000000    0.0000000000    1.0
        0.0204918033    0.0000000000    0.0000000000    1.0
        0.0218579235    0.0000000000    0.0000000000    1.0
        0.0232240437    0.0000000000    0.0000000000    1.0
        0.0245901639    0.0000000000    0.0000000000    1.0
        0.0259562842    0.0000000000    0.0000000000    1.0
        0.0273224044    0.0000000000    0.0000000000    1.0
        0.0286885246    0.0000000000    0.0000000000    1.0
        0.0300546448    0.0000000000    0.0000000000    1.0
        0.0314207650    0.0000000000    0.0000000000    1.0
        0.0327868852    0.0000000000    0.0000000000    1.0
        0.0341530055    0.0000000000    0.0000000000    1.0
        0.0355191257    0.0000000000    0.0000000000    1.0
        0.0368852459    0.0000000000    0.0000000000    1.0
        0.0382513661    0.0000000000    0.0000000000    1.0
        0.0396174863    0.0000000000    0.0000000000    1.0
        0.0409836066    0.0000000000    0.0000000000    1.0
        0.0423497268    0.0000000000    0.0000000000    1.0
        0.0437158470    0.0000000000    0.0000000000    1.0
        0.0450819672    0.0000000000    0.0000000000    1.0
        0.0464480874    0.0000000000    0.0000000000    1.0
        0.0478142077    0.0000000000    0.0000000000    1.0
        0.0491803279    0.0000000000    0.0000000000    1.0
        0.0505464481    0.0000000000    0.0000000000    1.0
        0.0519125683    0.0000000000    0.0000000000    1.0
        0.0532786885    0.0000000000    0.0000000000    1.0
        0.0546448087    0.0000000000    0.0000000000    1.0
        0.0560109290    0.0000000000    0.0000000000    1.0
        0.0573770492    0.0000000000    0.0000000000    1.0
        0.0587431694    0.0000000000    0.0000000000    1.0
        0.0601092896    0.0000000000    0.0000000000    1.0
        0.0614754098    0.0000000000    0.0000000000    1.0
        0.0628415301    0.0000000000    0.0000000000    1.0
        0.0642076503    0.0000000000    0.0000000000    1.0
        0.0655737705    0.0000000000    0.0000000000    1.0
        0.0669398907    0.0000000000    0.0000000000    1.0
        0.0683060109    0.0000000000    0.0000000000    1.0
        0.0696721311    0.0000000000    0.0000000000    1.0
        0.0710382514    0.0000000000    0.0000000000    1.0
        0.0724043716    0.0000000000    0.0000000000    1.0
        0.0737704918    0.0000000000    0.0000000000    1.0
        0.0751366120    0.0000000000    0.0000000000    1.0
        0.0765027322    0.0000000000    0.0000000000    1.0
        0.0778688525    0.0000000000    0.0000000000    1.0
        0.0792349727    0.0000000000    0.0000000000    1.0
        0.0806010929    0.0000000000    0.0000000000    1.0
        0.0819672131    0.0000000000    0.0000000000    1.0
        0.0833333333    0.0000000000    0.0000000000    1.0
        0.0846994536    0.0000000000    0.0000000000    1.0
        0.0860655738    0.0000000000    0.0000000000    1.0
        0.0874316940    0.0000000000    0.0000000000    1.0
        0.0887978142    0.0000000000    0.0000000000    1.0
        0.0901639344    0.0000000000    0.0000000000    1.0
        0.0915300546    0.0000000000    0.0000000000    1.0
        0.0928961749    0.0000000000    0.0000000000    1.0
        0.0942622951    0.0000000000    0.0000000000    1.0
        0.0956284153    0.0000000000    0.0000000000    1.0
        0.0969945355    0.0000000000    0.0000000000    1.0
        0.0983606557    0.0000000000    0.0000000000    1.0
        0.0997267760    0.0000000000    0.0000000000    1.0
        0.1010928962    0.0000000000    0.0000000000    1.0
        0.1024590164    0.0000000000    0.0000000000    1.0
        0.1038251366    0.0000000000    0.0000000000    1.0
        0.1051912568    0.0000000000    0.0000000000    1.0
        0.1065573770    0.0000000000    0.0000000000    1.0
        0.1079234973    0.0000000000    0.0000000000    1.0
        0.1092896175    0.0000000000    0.0000000000    1.0
        0.1106557377    0.0000000000    0.0000000000    1.0
        0.1120218579    0.0000000000    0.0000000000    1.0
        0.1133879781    0.0000000000    0.0000000000    1.0
        0.1147540984    0.0000000000    0.0000000000    1.0
        0.1161202186    0.0000000000    0.0000000000    1.0
        0.1174863388    0.0000000000    0.0000000000    1.0
        0.1188524590    0.0000000000    0.0000000000    1.0
        0.1202185792    0.0000000000    0.0000000000    1.0
        0.1215846995    0.0000000000    0.0000000000    1.0
        0.1229508197    0.0000000000    0.0000000000    1.0
        0.1243169399    0.0000000000    0.0000000000    1.0
        0.1256830601    0.0000000000    0.0000000000    1.0
        0.1270491803    0.0000000000    0.0000000000    1.0
        0.1284153005    0.0000000000    0.0000000000    1.0
        0.1297814208    0.0000000000    0.0000000000    1.0
        0.1311475410    0.0000000000    0.0000000000    1.0
        0.1325136612    0.0000000000    0.0000000000    1.0
        0.1338797814    0.0000000000    0.0000000000    1.0
        0.1352459016    0.0000000000    0.0000000000    1.0
        0.1366120219    0.0000000000    0.0000000000    1.0
        0.1379781421    0.0000000000    0.0000000000    1.0
        0.1393442623    0.0000000000    0.0000000000    1.0
        0.1407103825    0.0000000000    0.0000000000    1.0
        0.1420765027    0.0000000000    0.0000000000    1.0
        0.1434426230    0.0000000000    0.0000000000    1.0
        0.1448087432    0.0000000000    0.0000000000    1.0
        0.1461748634    0.0000000000    0.0000000000    1.0
        0.1475409836    0.0000000000    0.0000000000    1.0
        0.1489071038    0.0000000000    0.0000000000    1.0
        0.1502732240    0.0000000000    0.0000000000    1.0
        0.1516393443    0.0000000000    0.0000000000    1.0
        0.1530054645    0.0000000000    0.0000000000    1.0
        0.1543715847    0.0000000000    0.0000000000    1.0
        0.1557377049    0.0000000000    0.0000000000    1.0
        0.1571038251    0.0000000000    0.0000000000    1.0
        0.1584699454    0.0000000000    0.0000000000    1.0
        0.1598360656    0.0000000000    0.0000000000    1.0
        0.1612021858    0.0000000000    0.0000000000    1.0
        0.1625683060    0.0000000000    0.0000000000    1.0
        0.1639344262    0.0000000000    0.0000000000    1.0
        0.1653005464    0.0000000000    0.0000000000    1.0
        0.1666666667    0.0000000000    0.0000000000    1.0
        0.1680327869    0.0000000000    0.0000000000    1.0
        0.1693989071    0.0000000000    0.0000000000    1.0
        0.1707650273    0.0000000000    0.0000000000    1.0
        0.1721311475    0.0000000000    0.0000000000    1.0
        0.1734972678    0.0000000000    0.0000000000    1.0
        0.1748633880    0.0000000000    0.0000000000    1.0
        0.1762295082    0.0000000000    0.0000000000    1.0
        0.1775956284    0.0000000000    0.0000000000    1.0
        0.1789617486    0.0000000000    0.0000000000    1.0
        0.1803278689    0.0000000000    0.0000000000    1.0
        0.1816939891    0.0000000000    0.0000000000    1.0
        0.1830601093    0.0000000000    0.0000000000    1.0
        0.1844262295    0.0000000000    0.0000000000    1.0
        0.1857923497    0.0000000000    0.0000000000    1.0
        0.1871584699    0.0000000000    0.0000000000    1.0
        0.1885245902    0.0000000000    0.0000000000    1.0
        0.1898907104    0.0000000000    0.0000000000    1.0
        0.1912568306    0.0000000000    0.0000000000    1.0
        0.1926229508    0.0000000000    0.0000000000    1.0
        0.1939890710    0.0000000000    0.0000000000    1.0
        0.1953551913    0.0000000000    0.0000000000    1.0
        0.1967213115    0.0000000000    0.0000000000    1.0
        0.1980874317    0.0000000000    0.0000000000    1.0
        0.1994535519    0.0000000000    0.0000000000    1.0
        0.2008196721    0.0000000000    0.0000000000    1.0
        0.2021857923    0.0000000000    0.0000000000    1.0
        0.2035519126    0.0000000000    0.0000000000    1.0
        0.2049180328    0.0000000000    0.0000000000    1.0
        0.2062841530    0.0000000000    0.0000000000    1.0
        0.2076502732    0.0000000000    0.0000000000    1.0
        0.2090163934    0.0000000000    0.0000000000    1.0
        0.2103825137    0.0000000000    0.0000000000    1.0
        0.2117486339    0.0000000000    0.0000000000    1.0
        0.2131147541    0.0000000000    0.0000000000    1.0
        0.2144808743    0.0000000000    0.0000000000    1.0
        0.2158469945    0.0000000000    0.0000000000    1.0
        0.2172131148    0.0000000000    0.0000000000    1.0
        0.2185792350    0.0000000000    0.0000000000    1.0
        0.2199453552    0.0000000000    0.0000000000    1.0
        0.2213114754    0.0000000000    0.0000000000    1.0
        0.2226775956    0.0000000000    0.0000000000    1.0
        0.2240437158    0.0000000000    0.0000000000    1.0
        0.2254098361    0.0000000000    0.0000000000    1.0
        0.2267759563    0.0000000000    0.0000000000    1.0
        0.2281420765    0.0000000000    0.0000000000    1.0
        0.2295081967    0.0000000000    0.0000000000    1.0
        0.2308743169    0.0000000000    0.0000000000    1.0
        0.2322404372    0.0000000000    0.0000000000    1.0
        0.2336065574    0.0000000000    0.0000000000    1.0
        0.2349726776    0.0000000000    0.0000000000    1.0
        0.2363387978    0.0000000000    0.0000000000    1.0
        0.2377049180    0.0000000000    0.0000000000    1.0
        0.2390710383    0.0000000000    0.0000000000    1.0
        0.2404371585    0.0000000000    0.0000000000    1.0
        0.2418032787    0.0000000000    0.0000000000    1.0
        0.2431693989    0.0000000000    0.0000000000    1.0
        0.2445355191    0.0000000000    0.0000000000    1.0
        0.2459016393    0.0000000000    0.0000000000    1.0
        0.2472677596    0.0000000000    0.0000000000    1.0
        0.2486338798    0.0000000000    0.0000000000    1.0
        0.2500000000    0.0000000000    0.0000000000    1.0
        0.2513661202    0.0000000000    0.0000000000    1.0
        0.2527322404    0.0000000000    0.0000000000    1.0
        0.2540983607    0.0000000000    0.0000000000    1.0
        0.2554644809    0.0000000000    0.0000000000    1.0
        0.2568306011    0.0000000000    0.0000000000    1.0
        0.2581967213    0.0000000000    0.0000000000    1.0
        0.2595628415    0.0000000000    0.0000000000    1.0
        0.2609289617    0.0000000000    0.0000000000    1.0
        0.2622950820    0.0000000000    0.0000000000    1.0
        0.2636612022    0.0000000000    0.0000000000    1.0
        0.2650273224    0.0000000000    0.0000000000    1.0
        0.2663934426    0.0000000000    0.0000000000    1.0
        0.2677595628    0.0000000000    0.0000000000    1.0
        0.2691256831    0.0000000000    0.0000000000    1.0
        0.2704918033    0.0000000000    0.0000000000    1.0
        0.2718579235    0.0000000000    0.0000000000    1.0
        0.2732240437    0.0000000000    0.0000000000    1.0
        0.2745901639    0.0000000000    0.0000000000    1.0
        0.2759562842    0.0000000000    0.0000000000    1.0
        0.2773224044    0.0000000000    0.0000000000    1.0
        0.2786885246    0.0000000000    0.0000000000    1.0
        0.2800546448    0.0000000000    0.0000000000    1.0
        0.2814207650    0.0000000000    0.0000000000    1.0
        0.2827868852    0.0000000000    0.0000000000    1.0
        0.2841530055    0.0000000000    0.0000000000    1.0
        0.2855191257    0.0000000000    0.0000000000    1.0
        0.2868852459    0.0000000000    0.0000000000    1.0
        0.2882513661    0.0000000000    0.0000000000    1.0
        0.2896174863    0.0000000000    0.0000000000    1.0
        0.2909836066    0.0000000000    0.0000000000    1.0
        0.2923497268    0.0000000000    0.0000000000    1.0
        0.2937158470    0.0000000000    0.0000000000    1.0
        0.2950819672    0.0000000000    0.0000000000    1.0
        0.2964480874    0.0000000000    0.0000000000    1.0
        0.2978142077    0.0000000000    0.0000000000    1.0
        0.2991803279    0.0000000000    0.0000000000    1.0
        0.3005464481    0.0000000000    0.0000000000    1.0
        0.3019125683    0.0000000000    0.0000000000    1.0
        0.3032786885    0.0000000000    0.0000000000    1.0
        0.3046448087    0.0000000000    0.0000000000    1.0
        0.3060109290    0.0000000000    0.0000000000    1.0
        0.3073770492    0.0000000000    0.0000000000    1.0
        0.3087431694    0.0000000000    0.0000000000    1.0
        0.3101092896    0.0000000000    0.0000000000    1.0
        0.3114754098    0.0000000000    0.0000000000    1.0
        0.3128415301    0.0000000000    0.0000000000    1.0
        0.3142076503    0.0000000000    0.0000000000    1.0
        0.3155737705    0.0000000000    0.0000000000    1.0
        0.3169398907    0.0000000000    0.0000000000    1.0
        0.3183060109    0.0000000000    0.0000000000    1.0
        0.3196721311    0.0000000000    0.0000000000    1.0
        0.3210382514    0.0000000000    0.0000000000    1.0
        0.3224043716    0.0000000000    0.0000000000    1.0
        0.3237704918    0.0000000000    0.0000000000    1.0
        0.3251366120    0.0000000000    0.0000000000    1.0
        0.3265027322    0.0000000000    0.0000000000    1.0
        0.3278688525    0.0000000000    0.0000000000    1.0
        0.3292349727    0.0000000000    0.0000000000    1.0
        0.3306010929    0.0000000000    0.0000000000    1.0
        0.3319672131    0.0000000000    0.0000000000    1.0
        0.3333333333    0.0000000000    0.0000000000    1.0
        0.3346994536    0.0000000000    0.0000000000    1.0
        0.3360655738    0.0000000000    0.0000000000    1.0
        0.3374316940    0.0000000000    0.0000000000    1.0
        0.3387978142    0.0000000000    0.0000000000    1.0
        0.3401639344    0.0000000000    0.0000000000    1.0
        0.3415300546    0.0000000000    0.0000000000    1.0
        0.3428961749    0.0000000000    0.0000000000    1.0
        0.3442622951    0.0000000000    0.0000000000    1.0
        0.3456284153    0.0000000000    0.0000000000    1.0
        0.3469945355    0.0000000000    0.0000000000    1.0
        0.3483606557    0.0000000000    0.0000000000    1.0
        0.3497267760    0.0000000000    0.0000000000    1.0
        0.3510928962    0.0000000000    0.0000000000    1.0
        0.3524590164    0.0000000000    0.0000000000    1.0
        0.3538251366    0.0000000000    0.0000000000    1.0
        0.3551912568    0.0000000000    0.0000000000    1.0
        0.3565573770    0.0000000000    0.0000000000    1.0
        0.3579234973    0.0000000000    0.0000000000    1.0
        0.3592896175    0.0000000000    0.0000000000    1.0
        0.3606557377    0.0000000000    0.0000000000    1.0
        0.3620218579    0.0000000000    0.0000000000    1.0
        0.3633879781    0.0000000000    0.0000000000    1.0
        0.3647540984    0.0000000000    0.0000000000    1.0
        0.3661202186    0.0000000000    0.0000000000    1.0
        0.3674863388    0.0000000000    0.0000000000    1.0
        0.3688524590    0.0000000000    0.0000000000    1.0
        0.3702185792    0.0000000000    0.0000000000    1.0
        0.3715846995    0.0000000000    0.0000000000    1.0
        0.3729508197    0.0000000000    0.0000000000    1.0
        0.3743169399    0.0000000000    0.0000000000    1.0
        0.3756830601    0.0000000000    0.0000000000    1.0
        0.3770491803    0.0000000000    0.0000000000    1.0
        0.3784153005    0.0000000000    0.0000000000    1.0
        0.3797814208    0.0000000000    0.0000000000    1.0
        0.3811475410    0.0000000000    0.0000000000    1.0
        0.3825136612    0.0000000000    0.0000000000    1.0
        0.3838797814    0.0000000000    0.0000000000    1.0
        0.3852459016    0.0000000000    0.0000000000    1.0
        0.3866120219    0.0000000000    0.0000000000    1.0
        0.3879781421    0.0000000000    0.0000000000    1.0
        0.3893442623    0.0000000000    0.0000000000    1.0
        0.3907103825    0.0000000000    0.0000000000    1.0
        0.3920765027    0.0000000000    0.0000000000    1.0
        0.3934426230    0.0000000000    0.0000000000    1.0
        0.3948087432    0.0000000000    0.0000000000    1.0
        0.3961748634    0.0000000000    0.0000000000    1.0
        0.3975409836    0.0000000000    0.0000000000    1.0
        0.3989071038    0.0000000000    0.0000000000    1.0
        0.4002732240    0.0000000000    0.0000000000    1.0
        0.4016393443    0.0000000000    0.0000000000    1.0
        0.4030054645    0.0000000000    0.0000000000    1.0
        0.4043715847    0.0000000000    0.0000000000    1.0
        0.4057377049    0.0000000000    0.0000000000    1.0
        0.4071038251    0.0000000000    0.0000000000    1.0
        0.4084699454    0.0000000000    0.0000000000    1.0
        0.4098360656    0.0000000000    0.0000000000    1.0
        0.4112021858    0.0000000000    0.0000000000    1.0
        0.4125683060    0.0000000000    0.0000000000    1.0
        0.4139344262    0.0000000000    0.0000000000    1.0
        0.4153005464    0.0000000000    0.0000000000    1.0
        0.4166666667    0.0000000000    0.0000000000    1.0
        0.4180327869    0.0000000000    0.0000000000    1.0
        0.4193989071    0.0000000000    0.0000000000    1.0
        0.4207650273    0.0000000000    0.0000000000    1.0
        0.4221311475    0.0000000000    0.0000000000    1.0
        0.4234972678    0.0000000000    0.0000000000    1.0
        0.4248633880    0.0000000000    0.0000000000    1.0
        0.4262295082    0.0000000000    0.0000000000    1.0
        0.4275956284    0.0000000000    0.0000000000    1.0
        0.4289617486    0.0000000000    0.0000000000    1.0
        0.4303278689    0.0000000000    0.0000000000    1.0
        0.4316939891    0.0000000000    0.0000000000    1.0
        0.4330601093    0.0000000000    0.0000000000    1.0
        0.4344262295    0.0000000000    0.0000000000    1.0
        0.4357923497    0.0000000000    0.0000000000    1.0
        0.4371584699    0.0000000000    0.0000000000    1.0
        0.4385245902    0.0000000000    0.0000000000    1.0
        0.4398907104    0.0000000000    0.0000000000    1.0
        0.4412568306    0.0000000000    0.0000000000    1.0
        0.4426229508    0.0000000000    0.0000000000    1.0
        0.4439890710    0.0000000000    0.0000000000    1.0
        0.4453551913    0.0000000000    0.0000000000    1.0
        0.4467213115    0.0000000000    0.0000000000    1.0
        0.4480874317    0.0000000000    0.0000000000    1.0
        0.4494535519    0.0000000000    0.0000000000    1.0
        0.4508196721    0.0000000000    0.0000000000    1.0
        0.4521857923    0.0000000000    0.0000000000    1.0
        0.4535519126    0.0000000000    0.0000000000    1.0
        0.4549180328    0.0000000000    0.0000000000    1.0
        0.4562841530    0.0000000000    0.0000000000    1.0
        0.4576502732    0.0000000000    0.0000000000    1.0
        0.4590163934    0.0000000000    0.0000000000    1.0
        0.4603825137    0.0000000000    0.0000000000    1.0
        0.4617486339    0.0000000000    0.0000000000    1.0
        0.4631147541    0.0000000000    0.0000000000    1.0
        0.4644808743    0.0000000000    0.0000000000    1.0
        0.4658469945    0.0000000000    0.0000000000    1.0
        0.4672131148    0.0000000000    0.0000000000    1.0
        0.4685792350    0.0000000000    0.0000000000    1.0
        0.4699453552    0.0000000000    0.0000000000    1.0
        0.4713114754    0.0000000000    0.0000000000    1.0
        0.4726775956    0.0000000000    0.0000000000    1.0
        0.4740437158    0.0000000000    0.0000000000    1.0
        0.4754098361    0.0000000000    0.0000000000    1.0
        0.4767759563    0.0000000000    0.0000000000    1.0
        0.4781420765    0.0000000000    0.0000000000    1.0
        0.4795081967    0.0000000000    0.0000000000    1.0
        0.4808743169    0.0000000000    0.0000000000    1.0
        0.4822404372    0.0000000000    0.0000000000    1.0
        0.4836065574    0.0000000000    0.0000000000    1.0
        0.4849726776    0.0000000000    0.0000000000    1.0
        0.4863387978    0.0000000000    0.0000000000    1.0
        0.4877049180    0.0000000000    0.0000000000    1.0
        0.4890710383    0.0000000000    0.0000000000    1.0
        0.4904371585    0.0000000000    0.0000000000    1.0
        0.4918032787    0.0000000000    0.0000000000    1.0
        0.4931693989    0.0000000000    0.0000000000    1.0
        0.4945355191    0.0000000000    0.0000000000    1.0
        0.4959016393    0.0000000000    0.0000000000    1.0
        0.4972677596    0.0000000000    0.0000000000    1.0
        0.4986338798    0.0000000000    0.0000000000    1.0
        0.5000000000    0.0000000000    0.0000000000    1.0
        0.4992100948    0.0015797630    0.0000000000    1.0
        0.4984201896    0.0031595261    0.0000000000    1.0
        0.4976302844    0.0047392891    0.0000000000    1.0
        0.4968403791    0.0063190521    0.0000000000    1.0
        0.4960504739    0.0078988152    0.0000000000    1.0
        0.4952605687    0.0094785782    0.0000000000    1.0
        0.4944706635    0.0110583412    0.0000000000    1.0
        0.4936807583    0.0126381043    0.0000000000    1.0
        0.4928908531    0.0142178673    0.0000000000    1.0
        0.4921009479    0.0157976303    0.0000000000    1.0
        0.4913110427    0.0173773934    0.0000000000    1.0
        0.4905211374    0.0189571564    0.0000000000    1.0
        0.4897312322    0.0205369194    0.0000000000    1.0
        0.4889413270    0.0221166825    0.0000000000    1.0
        0.4881514218    0.0236964455    0.0000000000    1.0
        0.4873615166    0.0252762085    0.0000000000    1.0
        0.4865716114    0.0268559716    0.0000000000    1.0
        0.4857817062    0.0284357346    0.0000000000    1.0
        0.4849918009    0.0300154976    0.0000000000    1.0
        0.4842018957    0.0315952607    0.0000000000    1.0
        0.4834119905    0.0331750237    0.0000000000    1.0
        0.4826220853    0.0347547867    0.0000000000    1.0
        0.4818321801    0.0363345498    0.0000000000    1.0
        0.4810422749    0.0379143128    0.0000000000    1.0
        0.4802523697    0.0394940758    0.0000000000    1.0
        0.4794624645    0.0410738389    0.0000000000    1.0
        0.4786725592    0.0426536019    0.0000000000    1.0
        0.4778826540    0.0442333649    0.0000000000    1.0
        0.4770927488    0.0458131280    0.0000000000    1.0
        0.4763028436    0.0473928910    0.0000000000    1.0
        0.4755129384    0.0489726540    0.0000000000    1.0
        0.4747230332    0.0505524171    0.0000000000    1.0
        0.4739331280    0.0521321801    0.0000000000    1.0
        0.4731432227    0.0537119431    0.0000000000    1.0
        0.4723533175    0.0552917062    0.0000000000    1.0
        0.4715634123    0.0568714692    0.0000000000    1.0
        0.4707735071    0.0584512322    0.0000000000    1.0
        0.4699836019    0.0600309953    0.0000000000    1.0
        0.4691936967    0.0616107583    0.0000000000    1.0
        0.4684037915    0.0631905213    0.0000000000    1.0
        0.4676138863    0.0647702844    0.0000000000    1.0
        0.4668239810    0.0663500474    0.0000000000    1.0
        0.4660340758    0.0679298104    0.0000000000    1.0
        0.4652441706    0.0695095735    0.0000000000    1.0
        0.4644542654    0.0710893365    0.0000000000    1.0
        0.4636643602    0.0726690995    0.0000000000    1.0
        0.4628744550    0.0742488626    0.0000000000    1.0
        0.4620845498    0.0758286256    0.0000000000    1.0
        0.4612946445    0.0774083886    0.0000000000    1.0
        0.4605047393    0.0789881517    0.0000000000    1.0
        0.4597148341    0.0805679147    0.0000000000    1.0
        0.4589249289    0.0821476777    0.0000000000    1.0
        0.4581350237    0.0837274408    0.0000000000    1.0
        0.4573451185    0.0853072038    0.0000000000    1.0
        0.4565552133    0.0868869668    0.0000000000    1.0
        0.4557653081    0.0884667299    0.0000000000    1.0
        0.4549754028    0.0900464929    0.0000000000    1.0
        0.4541854976    0.0916262559    0.0000000000    1.0
        0.4533955924    0.0932060190    0.0000000000    1.0
        0.4526056872    0.0947857820    0.0000000000    1.0
        0.4518157820    0.0963655450    0.0000000000    1.0
        0.4510258768    0.0979453081    0.0000000000    1.0
        0.4502359716    0.0995250711    0.0000000000    1.0
        0.4494460664    0.1011048341    0.0000000000    1.0
        0.4486561611    0.1026845972    0.0000000000    1.0
        0.4478662559    0.1042643602    0.0000000000    1.0
        0.4470763507    0.1058441232    0.0000000000    1.0
        0.4462864455    0.1074238863    0.0000000000    1.0
        0.4454965403    0.1090036493    0.0000000000    1.0
        0.4447066351    0.1105834123    0.0000000000    1.0
        0.4439167299    0.1121631754    0.0000000000    1.0
        0.4431268246    0.1137429384    0.0000000000    1.0
        0.4423369194    0.1153227014    0.0000000000    1.0
        0.4415470142    0.1169024645    0.0000000000    1.0
        0.4407571090    0.1184822275    0.0000000000    1.0
        0.4399672038    0.1200619905    0.0000000000    1.0
        0.4391772986    0.1216417536    0.0000000000    1.0
        0.4383873934    0.1232215166    0.0000000000    1.0
        0.4375974882    0.1248012796    0.0000000000    1.0
        0.4368075829    0.1263810427    0.0000000000    1.0
        0.4360176777    0.1279608057    0.0000000000    1.0
        0.4352277725    0.1295405687    0.0000000000    1.0
        0.4344378673    0.1311203318    0.0000000000    1.0
        0.4336479621    0.1327000948    0.0000000000    1.0
        0.4328580569    0.1342798578    0.0000000000    1.0
        0.4320681517    0.1358596209    0.0000000000    1.0
        0.4312782464    0.1374393839    0.0000000000    1.0
        0.4304883412    0.1390191469    0.0000000000    1.0
        0.4296984360    0.1405989100    0.0000000000    1.0
        0.4289085308    0.1421786730    0.0000000000    1.0
        0.4281186256    0.1437584360    0.0000000000    1.0
        0.4273287204    0.1453381991    0.0000000000    1.0
        0.4265388152    0.1469179621    0.0000000000    1.0
        0.4257489100    0.1484977251    0.0000000000    1.0
        0.4249590047    0.1500774882    0.0000000000    1.0
        0.4241690995    0.1516572512    0.0000000000    1.0
        0.4233791943    0.1532370142    0.0000000000    1.0
        0.4225892891    0.1548167773    0.0000000000    1.0
        0.4217993839    0.1563965403    0.0000000000    1.0
        0.4210094787    0.1579763033    0.0000000000    1.0
        0.4202195735    0.1595560664    0.0000000000    1.0
        0.4194296682    0.1611358294    0.0000000000    1.0
        0.4186397630    0.1627155924    0.0000000000    1.0
        0.4178498578    0.1642953555    0.0000000000    1.0
        0.4170599526    0.1658751185    0.0000000000    1.0
        0.4162700474    0.1674548815    0.0000000000    1.0
        0.4154801422    0.1690346445    0.0000000000    1.0
        0.4146902370    0.1706144076    0.0000000000    1.0
        0.4139003318    0.1721941706    0.0000000000    1.0
        0.4131104265    0.1737739336    0.0000000000    1.0
        0.4123205213    0.1753536967    0.0000000000    1.0
        0.4115306161    0.1769334597    0.0000000000    1.0
        0.4107407109    0.1785132227    0.0000000000    1.0
        0.4099508057    0.1800929858    0.0000000000    1.0
        0.4091609005    0.1816727488    0.0000000000    1.0
        0.4083709953    0.1832525118    0.0000000000    1.0
        0.4075810900    0.1848322749    0.0000000000    1.0
        0.4067911848    0.1864120379    0.0000000000    1.0
        0.4060012796    0.1879918009    0.0000000000    1.0
        0.4052113744    0.1895715640    0.0000000000    1.0
        0.4044214692    0.1911513270    0.0000000000    1.0
        0.4036315640    0.1927310900    0.0000000000    1.0
        0.4028416588    0.1943108531    0.0000000000    1.0
        0.4020517536    0.1958906161    0.0000000000    1.0
        0.4012618483    0.1974703791    0.0000000000    1.0
        0.4004719431    0.1990501422    0.0000000000    1.0
        0.3996820379    0.2006299052    0.0000000000    1.0
        0.3988921327    0.2022096682    0.0000000000    1.0
        0.3981022275    0.2037894313    0.0000000000    1.0
        0.3973123223    0.2053691943    0.0000000000    1.0
        0.3965224171    0.2069489573    0.0000000000    1.0
        0.3957325118    0.2085287204    0.0000000000    1.0
        0.3949426066    0.2101084834    0.0000000000    1.0
        0.3941527014    0.2116882464    0.0000000000    1.0
        0.3933627962    0.2132680095    0.0000000000    1.0
        0.3925728910    0.2148477725    0.0000000000    1.0
        0.3917829858    0.2164275355    0.0000000000    1.0
        0.3909930806    0.2180072986    0.0000000000    1.0
        0.3902031754    0.2195870616    0.0000000000    1.0
        0.3894132701    0.2211668246    0.0000000000    1.0
        0.3886233649    0.2227465877    0.0000000000    1.0
        0.3878334597    0.2243263507    0.0000000000    1.0
        0.3870435545    0.2259061137    0.0000000000    1.0
        0.3862536493    0.2274858768    0.0000000000    1.0
        0.3854637441    0.2290656398    0.0000000000    1.0
        0.3846738389    0.2306454028    0.0000000000    1.0
        0.3838839336    0.2322251659    0.0000000000    1.0
        0.3830940284    0.2338049289    0.0000000000    1.0
        0.3823041232    0.2353846919    0.0000000000    1.0
        0.3815142180    0.2369644550    0.0000000000    1.0
        0.3807243128    0.2385442180    0.0000000000    1.0
        0.3799344076    0.2401239810    0.0000000000    1.0
        0.3791445024    0.2417037441    0.0000000000    1.0
        0.3783545972    0.2432835071    0.0000000000    1.0
        0.3775646919    0.2448632701    0.0000000000    1.0
        0.3767747867    0.2464430332    0.0000000000    1.0
        0.3759848815    0.2480227962    0.0000000000    1.0
        0.3751949763    0.2496025592    0.0000000000    1.0
        0.3744050711    0.2511823223    0.0000000000    1.0
        0.3736151659    0.2527620853    0.0000000000    1.0
        0.3728252607    0.2543418483    0.0000000000    1.0
        0.3720353555    0.2559216114    0.0000000000    1.0
        0.3712454502    0.2575013744    0.0000000000    1.0
        0.3704555450    0.2590811374    0.0000000000    1.0
        0.3696656398    0.2606609005    0.0000000000    1.0
        0.3688757346    0.2622406635    0.0000000000    1.0
        0.3680858294    0.2638204265    0.0000000000    1.0
        0.3672959242    0.2654001896    0.0000000000    1.0
        0.3665060190    0.2669799526    0.0000000000    1.0
        0.3657161137    0.2685597156    0.0000000000    1.0
        0.3649262085    0.2701394787    0.0000000000    1.0
        0.3641363033    0.2717192417    0.0000000000    1.0
        0.3633463981    0.2732990047    0.0000000000    1.0
        0.3625564929    0.2748787678    0.0000000000    1.0
        0.3617665877    0.2764585308    0.0000000000    1.0
        0.3609766825    0.2780382938    0.0000000000    1.0
        0.3601867773    0.2796180569    0.0000000000    1.0
        0.3593968720    0.2811978199    0.0000000000    1.0
        0.3586069668    0.2827775829    0.0000000000    1.0
        0.3578170616    0.2843573460    0.0000000000    1.0
        0.3570271564    0.2859371090    0.0000000000    1.0
        0.3562372512    0.2875168720    0.0000000000    1.0
        0.3554473460    0.2890966351    0.0000000000    1.0
        0.3546574408    0.2906763981    0.0000000000    1.0
        0.3538675355    0.2922561611    0.0000000000    1.0
        0.3530776303    0.2938359242    0.0000000000    1.0
        0.3522877251    0.2954156872    0.0000000000    1.0
        0.3514978199    0.2969954502    0.0000000000    1.0
        0.3507079147    0.2985752133    0.0000000000    1.0
        0.3499180095    0.3001549763    0.0000000000    1.0
        0.3491281043    0.3017347393    0.0000000000    1.0
        0.3483381991    0.3033145024    0.0000000000    1.0
        0.3475482938    0.3048942654    0.0000000000    1.0
        0.3467583886    0.3064740284    0.0000000000    1.0
        0.3459684834    0.3080537915    0.0000000000    1.0
        0.3451785782    0.3096335545    0.0000000000    1.0
        0.3443886730    0.3112133175    0.0000000000    1.0
        0.3435987678    0.3127930806    0.0000000000    1.0
        0.3428088626    0.3143728436    0.0000000000    1.0
        0.3420189573    0.3159526066    0.0000000000    1.0
        0.3412290521    0.3175323697    0.0000000000    1.0
        0.3404391469    0.3191121327    0.0000000000    1.0
        0.3396492417    0.3206918957    0.0000000000    1.0
        0.3388593365    0.3222716588    0.0000000000    1.0
        0.3380694313    0.3238514218    0.0000000000    1.0
        0.3372795261    0.3254311848    0.0000000000    1.0
        0.3364896209    0.3270109479    0.0000000000    1.0
        0.3356997156    0.3285907109    0.0000000000    1.0
        0.3349098104    0.3301704739    0.0000000000    1.0
        0.3341199052    0.3317502370    0.0000000000    1.0
        0.3333300000    0.3333300000    0.0000000000    1.0
        0.3325401185    0.3325401185    0.0000000000    1.0
        0.3317502370    0.3317502370    0.0000000000    1.0
        0.3309603555    0.3309603555    0.0000000000    1.0
        0.3301704739    0.3301704739    0.0000000000    1.0
        0.3293805924    0.3293805924    0.0000000000    1.0
        0.3285907109    0.3285907109    0.0000000000    1.0
        0.3278008294    0.3278008294    0.0000000000    1.0
        0.3270109479    0.3270109479    0.0000000000    1.0
        0.3262210664    0.3262210664    0.0000000000    1.0
        0.3254311848    0.3254311848    0.0000000000    1.0
        0.3246413033    0.3246413033    0.0000000000    1.0
        0.3238514218    0.3238514218    0.0000000000    1.0
        0.3230615403    0.3230615403    0.0000000000    1.0
        0.3222716588    0.3222716588    0.0000000000    1.0
        0.3214817773    0.3214817773    0.0000000000    1.0
        0.3206918957    0.3206918957    0.0000000000    1.0
        0.3199020142    0.3199020142    0.0000000000    1.0
        0.3191121327    0.3191121327    0.0000000000    1.0
        0.3183222512    0.3183222512    0.0000000000    1.0
        0.3175323697    0.3175323697    0.0000000000    1.0
        0.3167424882    0.3167424882    0.0000000000    1.0
        0.3159526066    0.3159526066    0.0000000000    1.0
        0.3151627251    0.3151627251    0.0000000000    1.0
        0.3143728436    0.3143728436    0.0000000000    1.0
        0.3135829621    0.3135829621    0.0000000000    1.0
        0.3127930806    0.3127930806    0.0000000000    1.0
        0.3120031991    0.3120031991    0.0000000000    1.0
        0.3112133175    0.3112133175    0.0000000000    1.0
        0.3104234360    0.3104234360    0.0000000000    1.0
        0.3096335545    0.3096335545    0.0000000000    1.0
        0.3088436730    0.3088436730    0.0000000000    1.0
        0.3080537915    0.3080537915    0.0000000000    1.0
        0.3072639100    0.3072639100    0.0000000000    1.0
        0.3064740284    0.3064740284    0.0000000000    1.0
        0.3056841469    0.3056841469    0.0000000000    1.0
        0.3048942654    0.3048942654    0.0000000000    1.0
        0.3041043839    0.3041043839    0.0000000000    1.0
        0.3033145024    0.3033145024    0.0000000000    1.0
        0.3025246209    0.3025246209    0.0000000000    1.0
        0.3017347393    0.3017347393    0.0000000000    1.0
        0.3009448578    0.3009448578    0.0000000000    1.0
        0.3001549763    0.3001549763    0.0000000000    1.0
        0.2993650948    0.2993650948    0.0000000000    1.0
        0.2985752133    0.2985752133    0.0000000000    1.0
        0.2977853318    0.2977853318    0.0000000000    1.0
        0.2969954502    0.2969954502    0.0000000000    1.0
        0.2962055687    0.2962055687    0.0000000000    1.0
        0.2954156872    0.2954156872    0.0000000000    1.0
        0.2946258057    0.2946258057    0.0000000000    1.0
        0.2938359242    0.2938359242    0.0000000000    1.0
        0.2930460427    0.2930460427    0.0000000000    1.0
        0.2922561611    0.2922561611    0.0000000000    1.0
        0.2914662796    0.2914662796    0.0000000000    1.0
        0.2906763981    0.2906763981    0.0000000000    1.0
        0.2898865166    0.2898865166    0.0000000000    1.0
        0.2890966351    0.2890966351    0.0000000000    1.0
        0.2883067536    0.2883067536    0.0000000000    1.0
        0.2875168720    0.2875168720    0.0000000000    1.0
        0.2867269905    0.2867269905    0.0000000000    1.0
        0.2859371090    0.2859371090    0.0000000000    1.0
        0.2851472275    0.2851472275    0.0000000000    1.0
        0.2843573460    0.2843573460    0.0000000000    1.0
        0.2835674645    0.2835674645    0.0000000000    1.0
        0.2827775829    0.2827775829    0.0000000000    1.0
        0.2819877014    0.2819877014    0.0000000000    1.0
        0.2811978199    0.2811978199    0.0000000000    1.0
        0.2804079384    0.2804079384    0.0000000000    1.0
        0.2796180569    0.2796180569    0.0000000000    1.0
        0.2788281754    0.2788281754    0.0000000000    1.0
        0.2780382938    0.2780382938    0.0000000000    1.0
        0.2772484123    0.2772484123    0.0000000000    1.0
        0.2764585308    0.2764585308    0.0000000000    1.0
        0.2756686493    0.2756686493    0.0000000000    1.0
        0.2748787678    0.2748787678    0.0000000000    1.0
        0.2740888863    0.2740888863    0.0000000000    1.0
        0.2732990047    0.2732990047    0.0000000000    1.0
        0.2725091232    0.2725091232    0.0000000000    1.0
        0.2717192417    0.2717192417    0.0000000000    1.0
        0.2709293602    0.2709293602    0.0000000000    1.0
        0.2701394787    0.2701394787    0.0000000000    1.0
        0.2693495972    0.2693495972    0.0000000000    1.0
        0.2685597156    0.2685597156    0.0000000000    1.0
        0.2677698341    0.2677698341    0.0000000000    1.0
        0.2669799526    0.2669799526    0.0000000000    1.0
        0.2661900711    0.2661900711    0.0000000000    1.0
        0.2654001896    0.2654001896    0.0000000000    1.0
        0.2646103081    0.2646103081    0.0000000000    1.0
        0.2638204265    0.2638204265    0.0000000000    1.0
        0.2630305450    0.2630305450    0.0000000000    1.0
        0.2622406635    0.2622406635    0.0000000000    1.0
        0.2614507820    0.2614507820    0.0000000000    1.0
        0.2606609005    0.2606609005    0.0000000000    1.0
        0.2598710190    0.2598710190    0.0000000000    1.0
        0.2590811374    0.2590811374    0.0000000000    1.0
        0.2582912559    0.2582912559    0.0000000000    1.0
        0.2575013744    0.2575013744    0.0000000000    1.0
        0.2567114929    0.2567114929    0.0000000000    1.0
        0.2559216114    0.2559216114    0.0000000000    1.0
        0.2551317299    0.2551317299    0.0000000000    1.0
        0.2543418483    0.2543418483    0.0000000000    1.0
        0.2535519668    0.2535519668    0.0000000000    1.0
        0.2527620853    0.2527620853    0.0000000000    1.0
        0.2519722038    0.2519722038    0.0000000000    1.0
        0.2511823223    0.2511823223    0.0000000000    1.0
        0.2503924408    0.2503924408    0.0000000000    1.0
        0.2496025592    0.2496025592    0.0000000000    1.0
        0.2488126777    0.2488126777    0.0000000000    1.0
        0.2480227962    0.2480227962    0.0000000000    1.0
        0.2472329147    0.2472329147    0.0000000000    1.0
        0.2464430332    0.2464430332    0.0000000000    1.0
        0.2456531517    0.2456531517    0.0000000000    1.0
        0.2448632701    0.2448632701    0.0000000000    1.0
        0.2440733886    0.2440733886    0.0000000000    1.0
        0.2432835071    0.2432835071    0.0000000000    1.0
        0.2424936256    0.2424936256    0.0000000000    1.0
        0.2417037441    0.2417037441    0.0000000000    1.0
        0.2409138626    0.2409138626    0.0000000000    1.0
        0.2401239810    0.2401239810    0.0000000000    1.0
        0.2393340995    0.2393340995    0.0000000000    1.0
        0.2385442180    0.2385442180    0.0000000000    1.0
        0.2377543365    0.2377543365    0.0000000000    1.0
        0.2369644550    0.2369644550    0.0000000000    1.0
        0.2361745735    0.2361745735    0.0000000000    1.0
        0.2353846919    0.2353846919    0.0000000000    1.0
        0.2345948104    0.2345948104    0.0000000000    1.0
        0.2338049289    0.2338049289    0.0000000000    1.0
        0.2330150474    0.2330150474    0.0000000000    1.0
        0.2322251659    0.2322251659    0.0000000000    1.0
        0.2314352844    0.2314352844    0.0000000000    1.0
        0.2306454028    0.2306454028    0.0000000000    1.0
        0.2298555213    0.2298555213    0.0000000000    1.0
        0.2290656398    0.2290656398    0.0000000000    1.0
        0.2282757583    0.2282757583    0.0000000000    1.0
        0.2274858768    0.2274858768    0.0000000000    1.0
        0.2266959953    0.2266959953    0.0000000000    1.0
        0.2259061137    0.2259061137    0.0000000000    1.0
        0.2251162322    0.2251162322    0.0000000000    1.0
        0.2243263507    0.2243263507    0.0000000000    1.0
        0.2235364692    0.2235364692    0.0000000000    1.0
        0.2227465877    0.2227465877    0.0000000000    1.0
        0.2219567062    0.2219567062    0.0000000000    1.0
        0.2211668246    0.2211668246    0.0000000000    1.0
        0.2203769431    0.2203769431    0.0000000000    1.0
        0.2195870616    0.2195870616    0.0000000000    1.0
        0.2187971801    0.2187971801    0.0000000000    1.0
        0.2180072986    0.2180072986    0.0000000000    1.0
        0.2172174171    0.2172174171    0.0000000000    1.0
        0.2164275355    0.2164275355    0.0000000000    1.0
        0.2156376540    0.2156376540    0.0000000000    1.0
        0.2148477725    0.2148477725    0.0000000000    1.0
        0.2140578910    0.2140578910    0.0000000000    1.0
        0.2132680095    0.2132680095    0.0000000000    1.0
        0.2124781280    0.2124781280    0.0000000000    1.0
        0.2116882464    0.2116882464    0.0000000000    1.0
        0.2108983649    0.2108983649    0.0000000000    1.0
        0.2101084834    0.2101084834    0.0000000000    1.0
        0.2093186019    0.2093186019    0.0000000000    1.0
        0.2085287204    0.2085287204    0.0000000000    1.0
        0.2077388389    0.2077388389    0.0000000000    1.0
        0.2069489573    0.2069489573    0.0000000000    1.0
        0.2061590758    0.2061590758    0.0000000000    1.0
        0.2053691943    0.2053691943    0.0000000000    1.0
        0.2045793128    0.2045793128    0.0000000000    1.0
        0.2037894313    0.2037894313    0.0000000000    1.0
        0.2029995498    0.2029995498    0.0000000000    1.0
        0.2022096682    0.2022096682    0.0000000000    1.0
        0.2014197867    0.2014197867    0.0000000000    1.0
        0.2006299052    0.2006299052    0.0000000000    1.0
        0.1998400237    0.1998400237    0.0000000000    1.0
        0.1990501422    0.1990501422    0.0000000000    1.0
        0.1982602607    0.1982602607    0.0000000000    1.0
        0.1974703791    0.1974703791    0.0000000000    1.0
        0.1966804976    0.1966804976    0.0000000000    1.0
        0.1958906161    0.1958906161    0.0000000000    1.0
        0.1951007346    0.1951007346    0.0000000000    1.0
        0.1943108531    0.1943108531    0.0000000000    1.0
        0.1935209716    0.1935209716    0.0000000000    1.0
        0.1927310900    0.1927310900    0.0000000000    1.0
        0.1919412085    0.1919412085    0.0000000000    1.0
        0.1911513270    0.1911513270    0.0000000000    1.0
        0.1903614455    0.1903614455    0.0000000000    1.0
        0.1895715640    0.1895715640    0.0000000000    1.0
        0.1887816825    0.1887816825    0.0000000000    1.0
        0.1879918009    0.1879918009    0.0000000000    1.0
        0.1872019194    0.1872019194    0.0000000000    1.0
        0.1864120379    0.1864120379    0.0000000000    1.0
        0.1856221564    0.1856221564    0.0000000000    1.0
        0.1848322749    0.1848322749    0.0000000000    1.0
        0.1840423934    0.1840423934    0.0000000000    1.0
        0.1832525118    0.1832525118    0.0000000000    1.0
        0.1824626303    0.1824626303    0.0000000000    1.0
        0.1816727488    0.1816727488    0.0000000000    1.0
        0.1808828673    0.1808828673    0.0000000000    1.0
        0.1800929858    0.1800929858    0.0000000000    1.0
        0.1793031043    0.1793031043    0.0000000000    1.0
        0.1785132227    0.1785132227    0.0000000000    1.0
        0.1777233412    0.1777233412    0.0000000000    1.0
        0.1769334597    0.1769334597    0.0000000000    1.0
        0.1761435782    0.1761435782    0.0000000000    1.0
        0.1753536967    0.1753536967    0.0000000000    1.0
        0.1745638152    0.1745638152    0.0000000000    1.0
        0.1737739336    0.1737739336    0.0000000000    1.0
        0.1729840521    0.1729840521    0.0000000000    1.0
        0.1721941706    0.1721941706    0.0000000000    1.0
        0.1714042891    0.1714042891    0.0000000000    1.0
        0.1706144076    0.1706144076    0.0000000000    1.0
        0.1698245261    0.1698245261    0.0000000000    1.0
        0.1690346445    0.1690346445    0.0000000000    1.0
        0.1682447630    0.1682447630    0.0000000000    1.0
        0.1674548815    0.1674548815    0.0000000000    1.0
        0.1666650000    0.1666650000    0.0000000000    1.0
        0.1658751185    0.1658751185    0.0000000000    1.0
        0.1650852370    0.1650852370    0.0000000000    1.0
        0.1642953555    0.1642953555    0.0000000000    1.0
        0.1635054739    0.1635054739    0.0000000000    1.0
        0.1627155924    0.1627155924    0.0000000000    1.0
        0.1619257109    0.1619257109    0.0000000000    1.0
        0.1611358294    0.1611358294    0.0000000000    1.0
        0.1603459479    0.1603459479    0.0000000000    1.0
        0.1595560664    0.1595560664    0.0000000000    1.0
        0.1587661848    0.1587661848    0.0000000000    1.0
        0.1579763033    0.1579763033    0.0000000000    1.0
        0.1571864218    0.1571864218    0.0000000000    1.0
        0.1563965403    0.1563965403    0.0000000000    1.0
        0.1556066588    0.1556066588    0.0000000000    1.0
        0.1548167773    0.1548167773    0.0000000000    1.0
        0.1540268957    0.1540268957    0.0000000000    1.0
        0.1532370142    0.1532370142    0.0000000000    1.0
        0.1524471327    0.1524471327    0.0000000000    1.0
        0.1516572512    0.1516572512    0.0000000000    1.0
        0.1508673697    0.1508673697    0.0000000000    1.0
        0.1500774882    0.1500774882    0.0000000000    1.0
        0.1492876066    0.1492876066    0.0000000000    1.0
        0.1484977251    0.1484977251    0.0000000000    1.0
        0.1477078436    0.1477078436    0.0000000000    1.0
        0.1469179621    0.1469179621    0.0000000000    1.0
        0.1461280806    0.1461280806    0.0000000000    1.0
        0.1453381991    0.1453381991    0.0000000000    1.0
        0.1445483175    0.1445483175    0.0000000000    1.0
        0.1437584360    0.1437584360    0.0000000000    1.0
        0.1429685545    0.1429685545    0.0000000000    1.0
        0.1421786730    0.1421786730    0.0000000000    1.0
        0.1413887915    0.1413887915    0.0000000000    1.0
        0.1405989100    0.1405989100    0.0000000000    1.0
        0.1398090284    0.1398090284    0.0000000000    1.0
        0.1390191469    0.1390191469    0.0000000000    1.0
        0.1382292654    0.1382292654    0.0000000000    1.0
        0.1374393839    0.1374393839    0.0000000000    1.0
        0.1366495024    0.1366495024    0.0000000000    1.0
        0.1358596209    0.1358596209    0.0000000000    1.0
        0.1350697393    0.1350697393    0.0000000000    1.0
        0.1342798578    0.1342798578    0.0000000000    1.0
        0.1334899763    0.1334899763    0.0000000000    1.0
        0.1327000948    0.1327000948    0.0000000000    1.0
        0.1319102133    0.1319102133    0.0000000000    1.0
        0.1311203318    0.1311203318    0.0000000000    1.0
        0.1303304502    0.1303304502    0.0000000000    1.0
        0.1295405687    0.1295405687    0.0000000000    1.0
        0.1287506872    0.1287506872    0.0000000000    1.0
        0.1279608057    0.1279608057    0.0000000000    1.0
        0.1271709242    0.1271709242    0.0000000000    1.0
        0.1263810427    0.1263810427    0.0000000000    1.0
        0.1255911611    0.1255911611    0.0000000000    1.0
        0.1248012796    0.1248012796    0.0000000000    1.0
        0.1240113981    0.1240113981    0.0000000000    1.0
        0.1232215166    0.1232215166    0.0000000000    1.0
        0.1224316351    0.1224316351    0.0000000000    1.0
        0.1216417536    0.1216417536    0.0000000000    1.0
        0.1208518720    0.1208518720    0.0000000000    1.0
        0.1200619905    0.1200619905    0.0000000000    1.0
        0.1192721090    0.1192721090    0.0000000000    1.0
        0.1184822275    0.1184822275    0.0000000000    1.0
        0.1176923460    0.1176923460    0.0000000000    1.0
        0.1169024645    0.1169024645    0.0000000000    1.0
        0.1161125829    0.1161125829    0.0000000000    1.0
        0.1153227014    0.1153227014    0.0000000000    1.0
        0.1145328199    0.1145328199    0.0000000000    1.0
        0.1137429384    0.1137429384    0.0000000000    1.0
        0.1129530569    0.1129530569    0.0000000000    1.0
        0.1121631754    0.1121631754    0.0000000000    1.0
        0.1113732938    0.1113732938    0.0000000000    1.0
        0.1105834123    0.1105834123    0.0000000000    1.0
        0.1097935308    0.1097935308    0.0000000000    1.0
        0.1090036493    0.1090036493    0.0000000000    1.0
        0.1082137678    0.1082137678    0.0000000000    1.0
        0.1074238863    0.1074238863    0.0000000000    1.0
        0.1066340047    0.1066340047    0.0000000000    1.0
        0.1058441232    0.1058441232    0.0000000000    1.0
        0.1050542417    0.1050542417    0.0000000000    1.0
        0.1042643602    0.1042643602    0.0000000000    1.0
        0.1034744787    0.1034744787    0.0000000000    1.0
        0.1026845972    0.1026845972    0.0000000000    1.0
        0.1018947156    0.1018947156    0.0000000000    1.0
        0.1011048341    0.1011048341    0.0000000000    1.0
        0.1003149526    0.1003149526    0.0000000000    1.0
        0.0995250711    0.0995250711    0.0000000000    1.0
        0.0987351896    0.0987351896    0.0000000000    1.0
        0.0979453081    0.0979453081    0.0000000000    1.0
        0.0971554265    0.0971554265    0.0000000000    1.0
        0.0963655450    0.0963655450    0.0000000000    1.0
        0.0955756635    0.0955756635    0.0000000000    1.0
        0.0947857820    0.0947857820    0.0000000000    1.0
        0.0939959005    0.0939959005    0.0000000000    1.0
        0.0932060190    0.0932060190    0.0000000000    1.0
        0.0924161374    0.0924161374    0.0000000000    1.0
        0.0916262559    0.0916262559    0.0000000000    1.0
        0.0908363744    0.0908363744    0.0000000000    1.0
        0.0900464929    0.0900464929    0.0000000000    1.0
        0.0892566114    0.0892566114    0.0000000000    1.0
        0.0884667299    0.0884667299    0.0000000000    1.0
        0.0876768483    0.0876768483    0.0000000000    1.0
        0.0868869668    0.0868869668    0.0000000000    1.0
        0.0860970853    0.0860970853    0.0000000000    1.0
        0.0853072038    0.0853072038    0.0000000000    1.0
        0.0845173223    0.0845173223    0.0000000000    1.0
        0.0837274408    0.0837274408    0.0000000000    1.0
        0.0829375592    0.0829375592    0.0000000000    1.0
        0.0821476777    0.0821476777    0.0000000000    1.0
        0.0813577962    0.0813577962    0.0000000000    1.0
        0.0805679147    0.0805679147    0.0000000000    1.0
        0.0797780332    0.0797780332    0.0000000000    1.0
        0.0789881517    0.0789881517    0.0000000000    1.0
        0.0781982701    0.0781982701    0.0000000000    1.0
        0.0774083886    0.0774083886    0.0000000000    1.0
        0.0766185071    0.0766185071    0.0000000000    1.0
        0.0758286256    0.0758286256    0.0000000000    1.0
        0.0750387441    0.0750387441    0.0000000000    1.0
        0.0742488626    0.0742488626    0.0000000000    1.0
        0.0734589810    0.0734589810    0.0000000000    1.0
        0.0726690995    0.0726690995    0.0000000000    1.0
        0.0718792180    0.0718792180    0.0000000000    1.0
        0.0710893365    0.0710893365    0.0000000000    1.0
        0.0702994550    0.0702994550    0.0000000000    1.0
        0.0695095735    0.0695095735    0.0000000000    1.0
        0.0687196919    0.0687196919    0.0000000000    1.0
        0.0679298104    0.0679298104    0.0000000000    1.0
        0.0671399289    0.0671399289    0.0000000000    1.0
        0.0663500474    0.0663500474    0.0000000000    1.0
        0.0655601659    0.0655601659    0.0000000000    1.0
        0.0647702844    0.0647702844    0.0000000000    1.0
        0.0639804028    0.0639804028    0.0000000000    1.0
        0.0631905213    0.0631905213    0.0000000000    1.0
        0.0624006398    0.0624006398    0.0000000000    1.0
        0.0616107583    0.0616107583    0.0000000000    1.0
        0.0608208768    0.0608208768    0.0000000000    1.0
        0.0600309953    0.0600309953    0.0000000000    1.0
        0.0592411137    0.0592411137    0.0000000000    1.0
        0.0584512322    0.0584512322    0.0000000000    1.0
        0.0576613507    0.0576613507    0.0000000000    1.0
        0.0568714692    0.0568714692    0.0000000000    1.0
        0.0560815877    0.0560815877    0.0000000000    1.0
        0.0552917062    0.0552917062    0.0000000000    1.0
        0.0545018246    0.0545018246    0.0000000000    1.0
        0.0537119431    0.0537119431    0.0000000000    1.0
        0.0529220616    0.0529220616    0.0000000000    1.0
        0.0521321801    0.0521321801    0.0000000000    1.0
        0.0513422986    0.0513422986    0.0000000000    1.0
        0.0505524171    0.0505524171    0.0000000000    1.0
        0.0497625355    0.0497625355    0.0000000000    1.0
        0.0489726540    0.0489726540    0.0000000000    1.0
        0.0481827725    0.0481827725    0.0000000000    1.0
        0.0473928910    0.0473928910    0.0000000000    1.0
        0.0466030095    0.0466030095    0.0000000000    1.0
        0.0458131280    0.0458131280    0.0000000000    1.0
        0.0450232464    0.0450232464    0.0000000000    1.0
        0.0442333649    0.0442333649    0.0000000000    1.0
        0.0434434834    0.0434434834    0.0000000000    1.0
        0.0426536019    0.0426536019    0.0000000000    1.0
        0.0418637204    0.0418637204    0.0000000000    1.0
        0.0410738389    0.0410738389    0.0000000000    1.0
        0.0402839573    0.0402839573    0.0000000000    1.0
        0.0394940758    0.0394940758    0.0000000000    1.0
        0.0387041943    0.0387041943    0.0000000000    1.0
        0.0379143128    0.0379143128    0.0000000000    1.0
        0.0371244313    0.0371244313    0.0000000000    1.0
        0.0363345498    0.0363345498    0.0000000000    1.0
        0.0355446682    0.0355446682    0.0000000000    1.0
        0.0347547867    0.0347547867    0.0000000000    1.0
        0.0339649052    0.0339649052    0.0000000000    1.0
        0.0331750237    0.0331750237    0.0000000000    1.0
        0.0323851422    0.0323851422    0.0000000000    1.0
        0.0315952607    0.0315952607    0.0000000000    1.0
        0.0308053791    0.0308053791    0.0000000000    1.0
        0.0300154976    0.0300154976    0.0000000000    1.0
        0.0292256161    0.0292256161    0.0000000000    1.0
        0.0284357346    0.0284357346    0.0000000000    1.0
        0.0276458531    0.0276458531    0.0000000000    1.0
        0.0268559716    0.0268559716    0.0000000000    1.0
        0.0260660900    0.0260660900    0.0000000000    1.0
        0.0252762085    0.0252762085    0.0000000000    1.0
        0.0244863270    0.0244863270    0.0000000000    1.0
        0.0236964455    0.0236964455    0.0000000000    1.0
        0.0229065640    0.0229065640    0.0000000000    1.0
        0.0221166825    0.0221166825    0.0000000000    1.0
        0.0213268009    0.0213268009    0.0000000000    1.0
        0.0205369194    0.0205369194    0.0000000000    1.0
        0.0197470379    0.0197470379    0.0000000000    1.0
        0.0189571564    0.0189571564    0.0000000000    1.0
        0.0181672749    0.0181672749    0.0000000000    1.0
        0.0173773934    0.0173773934    0.0000000000    1.0
        0.0165875118    0.0165875118    0.0000000000    1.0
        0.0157976303    0.0157976303    0.0000000000    1.0
        0.0150077488    0.0150077488    0.0000000000    1.0
        0.0142178673    0.0142178673    0.0000000000    1.0
        0.0134279858    0.0134279858    0.0000000000    1.0
        0.0126381043    0.0126381043    0.0000000000    1.0
        0.0118482227    0.0118482227    0.0000000000    1.0
        0.0110583412    0.0110583412    0.0000000000    1.0
        0.0102684597    0.0102684597    0.0000000000    1.0
        0.0094785782    0.0094785782    0.0000000000    1.0
        0.0086886967    0.0086886967    0.0000000000    1.0
        0.0078988152    0.0078988152    0.0000000000    1.0
        0.0071089336    0.0071089336    0.0000000000    1.0
        0.0063190521    0.0063190521    0.0000000000    1.0
        0.0055291706    0.0055291706    0.0000000000    1.0
        0.0047392891    0.0047392891    0.0000000000    1.0
        0.0039494076    0.0039494076    0.0000000000    1.0
        0.0031595261    0.0031595261    0.0000000000    1.0
        0.0023696445    0.0023696445    0.0000000000    1.0
        0.0015797630    0.0015797630    0.0000000000    1.0
        0.0007898815    0.0007898815    0.0000000000    1.0
        0.0000000000    0.0000000000    0.0000000000    1.0
